name  state  reads_raw  reads_passed_filter  refseq_mapped_reads  refseq_unmapped_reads  clusters_total  clusters_hidepth  hetero_est  error_est  reads_consens  loci_in_assembly
P2_A01_RUM_S2_SP           7    5675418              5674003              1164757                4509246           25080             10847    0.004799   0.000699          10170              5952
P2_A02_RUM_S2_SP           7    4279986              4278671               899067                3379604           24043             10484    0.004707   0.000742           9803              5801
P2_A03_RUM_S3_SP           7    1930786              1928497               406913                1521584           22369             10448    0.004918   0.000786           9685              5380
P2_A04_RUM_S3_SP           7    2488657              2487983               543231                1944752           19382              8238    0.003924   0.000759           7825              5287
P2_A05_RUM_S2_SP           7    6211090              6208940              1264091                4944849           25767             13864    0.004038   0.000689          13102              5988
P2_A06_RUM_S2_SP           7    5499573              5498455              1133633                4364822           23201             10209    0.004129   0.000687           9647              5825
P2_A07_ROW_S1_SP           7    4244730              4242592               912153                3330439           25172             12268    0.004428   0.000745          11573              6077
P2_A08_ROW_S1_SP           7     906626               905740               196093                 709647           14894              5594    0.003863   0.000765           5339              4078
P2_A09_ROW_S1B_SP          7    2190324              2189643               457637                1732006           19290              8334    0.003908   0.000765           7932              5418
P2_A10_ROW_S1B_SP          7    2289260              2285845               468736                1817109           20142              8450    0.004351   0.000771           7925              5088
P2_A11_ROW_S1B_SP          7    4460981              4457349               951993                3505356           28233             17238    0.004017   0.000715          16336              6268
P2_A12_BEL_LBE_SP          7    1138198              1138022               208103                 929919           10751              5619    0.003132   0.000729           5436              4235
P2_B01_RUM_S2_SP           7    2912062              2911382               578660                2332722           19190              7734    0.003900   0.000754           7369              5207
P2_B02_RUM_S2_SP           7    5650704              5649440              1196776                4452664           24561             11140    0.004368   0.000700          10467              5914
P2_B03_RUM_S3_SP           7    5053564              5051265              1054822                3996443           26018             13744    0.004265   0.000708          12941              6010
P2_B04_RUM_S3_SP           7    3178053              3176927               669208                2507719           22461             10126    0.004356   0.000751           9558              5661
P2_B05_RUM_S2_SP           7    3647093              3644801               760207                2884594           25267             13902    0.004404   0.000692          13069              6040
P2_B06_RUM_S2_SP           7    2240290              2239832               394503                1845329           17360              7378    0.003932   0.000775           7033              5084
P2_B07_ROW_S1_SP           7    5197691              5195788              1113569                4082219           24407             12218    0.003836   0.000729          11617              6001
P2_B08_ROW_S1_SP           7    6911896              6909590              1467600                5441990           28954             15538    0.004467   0.000744          14634              6253
P2_B09_ROW_S1B_SP          7    3869308              3867661               805759                3061902           25153             13793    0.004181   0.000822          13032              5986
P2_B10_ROW_S1B_SP          7    2540626              2538866               531077                2007789           19250              7693    0.003898   0.000733           7283              5125
P2_B11_ROW_S1B_SP          7    1199309              1198381               251615                 946766           16745              6615    0.004104   0.000785           6298              4740
P2_B12_BEL_LBE_SP          7    2174621              2174163               455760                1718403           17294              7095    0.004241   0.000931           6797              4882
P2_C01_RUM_S2_SP           7    3119900              3119358               658590                2460768           19574              8213    0.004188   0.000725           7824              5384
P2_C03_RUM_S3_SP           7    2552808              2550186               540799                2009387           23470             14173    0.003794   0.000723          13452              5868
P2_C04_RUM_S3_SP           7    4290328              4288328               820172                3468156           23325             11552    0.004306   0.000753          10870              5730
P2_C05_RUM_S2_SP           7    4547557              4546497               869500                3676997           23100             10413    0.004061   0.000748           9847              5777
P2_C07_ROW_S1_SP           7    4565882              4563819               986860                3576959           25132             13523    0.004343   0.000690          12756              6027
P2_C08_ROW_S1_SP           7    1073971              1071967               228871                 843096           21058              9261    0.005170   0.000837           8521              4711
P2_C09_ROW_S1B_SP          7    4698602              4697240               976267                3720973           28326             14357    0.004217   0.000742          13552              6248
P2_C10_ROW_S1B_SP          7     848876               848276               177084                 671192           15656              5620    0.003872   0.000825           5352              4131
P2_C11_ROW_S1B_SP          7    4032977              4031667               837549                3194118           21253              9223    0.003955   0.000716           8753              5607
P2_C12_BEL_LBE_SP          7    1139388              1139150               212359                 926791           13923              5987    0.003890   0.000951           5757              4392
P2_D01_RUM_S2_SP           7    3469691              3468955               717862                2751093           20795              8604    0.004280   0.000715           8170              5473
P2_D02_RUM_S3_SP           7    4542274              4540977               837498                3703479           21877              9369    0.004352   0.000699           8860              5499
P2_D03_RUM_S3_SP           7    1852888              1849169               382894                1466275           22672             13248    0.004148   0.000769          12539              5552
P2_D04_RUM_S3_SP           7    3490436              3488259               748036                2740223           25209             13438    0.004414   0.000744          12636              6058
P2_D05_RUM_S2_SP           7    4227056              4224552               840240                3384312           26010             15201    0.004133   0.000700          14408              6067
P2_D06_ROW_S1_SP           7    4771255              4770221              1012288                3757933           24633             11630    0.004557   0.000698          10944              6003
P2_D07_ROW_S1_SP           7    6264944              6261956              1296779                4965177           27582             17176    0.003952   0.000703          16348              6228
P2_D08_ROW_S1_SP           7    1144904              1144648               251081                 893567           13751              6163    0.003560   0.000737           5919              4594
P2_D09_ROW_S1B_SP          7    4190997              4189827               892568                3297259           23983              9708    0.004867   0.000731           9041              5672
P2_D10_ROW_S1B_SP          7     847025               844480               167941                 676539           20196              8352    0.005118   0.000949           7640              4109
P2_D11_ROW_S1B_SP          7    1573370              1572893               327737                1245156           19534              7845    0.004037   0.000779           7429              5312
P2_D12_BEL_LBE_SP          7    1506475              1506153               322278                1183875           18151              7278    0.005657   0.001083           6884              4975
P2_E01_RUM_S2_SP           7    3329102              3328383               705832                2622551           20060              7910    0.004154   0.000740           7521              5288
P2_E02_RUM_S3_SP           7    2418291              2415159               512687                1902472           22655             11850    0.004256   0.000777          11137              5557
P2_E03_RUM_S3_SP           7    3748341              3746909               704904                3042005           23093             10978    0.004458   0.000780          10334              5602
P2_E04_RUM_S3_SP           7    4358132              4357157               890436                3466721           21994              9103    0.004341   0.000714           8572              5502
P2_E05_RUM_S2_SP           7    2941116              2939873               621506                2318367           21575              9791    0.004468   0.000731           9224              5420
P2_E06_ROW_S1_SP           7    3604840              3603128               771860                2831268           21936              9732    0.004243   0.000708           9163              5494
P2_E07_ROW_S1_SP           7    3520043              3519455               750644                2768811           24488             12805    0.003769   0.000788          12180              6038
P2_E08_ROW_S1_SP           7     935297               935123               204874                 730249           15700              6501    0.003968   0.000840           6181              4725
P2_E09_ROW_S1B_SP          7    4301180              4299662               888245                3411417           27902             14953    0.004391   0.000726          14094              6217
P2_E10_ROW_S1B_SP          7    2417908              2416846               513164                1903682           24489             11451    0.004961   0.000903          10713              5921
P2_E12_BEL_LBE_SP          7    1841426              1840539               384901                1455638           18883              7921    0.004030   0.000848           7545              5089
P2_F01_RUM_S2_SP           7     484996               484886                97158                 387728           11361              4796    0.004252   0.000900           4579              3746
P2_F02_RUM_S3_SP           7    2204445              2202236               464306                1737930           22417             11461    0.004624   0.000785          10748              5494
P2_F03_RUM_S3_SP           7    2352548              2351565               319241                2032324           18844              7393    0.004618   0.000827           6988              4978
P2_F04_RUM_S3_SP           7    1903842              1902994               401569                1501425           21593              9852    0.004037   0.000786           9333              5467
P2_F05_RUM_S2_SP           7    3355234              3353792               709140                2644652           22375             10781    0.004053   0.000731          10177              5646
P2_F06_ROW_S1_SP           7    5163217              5160356              1126844                4033512           23386             12092    0.003924   0.000688          11425              5790
P2_F07_ROW_S1_SP           7    4536308              4535496               954752                3580744           26128             14145    0.003769   0.000779          13509              6150
P2_F08_ROW_S1_SP           7    1489018              1488640               316100                1172540           18251              7155    0.004243   0.000770           6786              5076
P2_F09_ROW_S1B_SP          7    2037253              2036455               437093                1599362           22153              9431    0.004693   0.000779           8842              5523
P2_F10_ROW_S1B_SP          7    1574726              1574059               331198                1242861           20071              8305    0.004320   0.000835           7822              5303
P2_F11_BEL_LBE_SP          7    2661728              2661248               548051                2113197           17217              7203    0.003681   0.000736           6889              5020
P2_F12_BEL_LBE_SP          7    3902374              3900515               748944                3151571           23740             11152    0.004592   0.000760          10467              5697
P2_G01_RUM_S2_SP           7    2967354              2966745               628306                2338439           19265              7974    0.004060   0.000739           7612              5368
P2_G02_RUM_S3_SP           7    4697365              4694692              1007295                3687397           25239             12587    0.003949   0.000712          11848              5955
P2_G03_RUM_S3_SP           7     614585               614384                66865                 547519            8125              3506    0.002725   0.000785           3403              2708
P2_G04_RUM_S3_SP           7    2302861              2300148               476317                1823831           22097             11517    0.004543   0.000845          10837              5470
P2_G05_RUM_S2_SP           7    5680633              5678938              1228622                4450316           24186             12158    0.004135   0.000726          11466              5807
P2_G08_ROW_S1_SP           7    2338205              2336536               484481                1852055           24909             12518    0.004827   0.000843          11711              5821
P2_G09_ROW_S1B_SP          7     316991               316768                64055                 252713           10998              3336    0.003399   0.000881           3204              2502
P2_G10_ROW_S1B_SP          7    3580117              3578593               745386                2833207           26117             12749    0.004349   0.000759          11979              6114
P2_G11_BEL_LBE_SP          7    3455073              3454089               742465                2711624           24030             10395    0.004544   0.000757           9786              5849
P2_G12_BEL_LBE_SP          7    7269682              7266942              1535554                5731388           27220             14929    0.004188   0.000689          14101              6203
P2_H01_RUM_S2_SP           7     280525               280484                51949                 228535            7913              3147    0.003556   0.000888           3013              2466
P2_H02_RUM_S3_SP           7    1323772              1323322               278647                1044675           16212              6631    0.003833   0.000779           6336              4822
P2_H03_RUM_S3_SP           7     760002               759809               155145                 604664           14664              5815    0.004120   0.000817           5530              4409
P2_H05_RUM_S2_SP           7    4690650              4689123               943443                3745680           21806              9988    0.004394   0.000710           9383              5448
P2_H07_ROW_S1_SP           7    2519033              2518464               544003                1974461           22161              9766    0.004306   0.000789           9231              5693
P2_H09_ROW_S1B_SP          7    1214990              1214535               250558                 963977           15600              6154    0.003833   0.000721           5904              4623
P2_H10_ROW_S1B_SP          7    3315981              3314905               685671                2629234           22185              8920    0.004285   0.000762           8414              5632
P2_H11_BEL_LBE_SP          7    1045483              1045298               162884                 882414           11201              5538    0.003299   0.000775           5348              4131
P4_A01_RUM_S1_SP           7     728901               728640               157268                 571372           15231              5640    0.004064   0.000844           5371              4338
P4_A02_RUM_S1_SP           7    6199425              6198112              1316357                4881755           25478             11473    0.004938   0.000651          10816              6035
P4_A03_RUM_S1_SP           7    3151387              3150550               657598                2492952           22168              9696    0.004118   0.000756           9219              5767
P4_A04_BEL_ROS_SP          7    2277916              2277341               479087                1798254           22183              8794    0.004800   0.000946           8272              5536
P4_A05_BEL_ROS_SP          7    2108326              2105927               445466                1660461           23172             12469    0.004267   0.000753          11694              5652
P4_A06_BEL_ROS_SP          7    7358295              7356367              1606996                5749371           28479             13809    0.004518   0.000672          12933              6190
P4_A07_ROW_S2_SP           7    1688572              1688075               352364                1335711           17662              8594    0.003583   0.000796           8265              5326
P4_A08_ROW_S2_SP           7    3254752              3253980               700063                2553917           22422              9300    0.004573   0.000765           8749              5680
P4_A09_BEL_LBE_SP          7    2185599              2184865               448581                1736284           15616              6545    0.003404   0.000741           6306              4612
P4_A10_BEL_LBE_SP          7    1349829              1349309               282964                1066345           18131              7283    0.004156   0.000801           6895              4792
P4_A11_BEL_KEY_SP          7    1390674              1390303               288022                1102281           18369              7348    0.004425   0.000847           6951              5075
P4_A12_BEL_KEY_SP          7    1691069              1690081               348174                1341907           19014              7391    0.004556   0.000756           6986              5102
P4_B01_RUM_S1_SP           7    4038173              4036967               871589                3165378           24352             10427    0.004709   0.000751           9804              5740
P4_B02_RUM_S1_SP           7    5967952              5966334              1301984                4664350           26067             11645    0.004695   0.000717          10858              5990
P4_B03_RUM_S1_SP           7    2022034              2021475               438047                1583428           20147              7958    0.004310   0.000773           7493              5316
P4_B04_BEL_ROS_SP          7    3520079              3519252               752802                2766450           24160             11012    0.004457   0.000759          10418              6000
P4_B05_BEL_ROS_SP          7    6977166              6973287              1444154                5529133           27917             16952    0.003850   0.000668          16120              6225
P4_B07_ROW_S2_SP           7    3596460              3595013               783724                2811289           25664             13154    0.004216   0.000742          12390              6065
P4_B08_ROW_S2_SP           7    2312328              2311813               494488                1817325           21121              8567    0.004582   0.000776           8079              5494
P4_B09_BEL_LBE_SP          7    2362413              2361937               498982                1862955           15039              6702    0.003343   0.000713           6466              4814
P4_B10_BEL_LBE_SP          7    4483991              4482718               931874                3550844           22966             10749    0.004318   0.000727          10168              5722
P4_B11_BEL_KEY_SP          7    1849399              1849042               389977                1459065           19322              9913    0.004147   0.000835           9442              5606
P4_B12_BEL_KEY_SP          7    2535815              2534787               521609                2013178           21833              9263    0.004835   0.000779           8652              5526
P4_C01_RUM_S1_SP           7    4626954              4626160               981403                3644757           23711             10645    0.003921   0.000717          10117              5980
P4_C02_RUM_S1_SP           7    6744681              6742688              1440602                5302086           26653             12581    0.006312   0.000625          11787              6077
P4_C03_RUM_S1_SP           7    1695824              1695365               359628                1335737           18371              7608    0.004077   0.000793           7234              5190
P4_C04_BEL_ROS_SP          7    2241651              2241258               478218                1763040           21432              8667    0.004420   0.000856           8214              5513
P4_C05_BEL_ROS_SP          7    4307904              4306551               882591                3423960           21894             10027    0.003922   0.000727           9514              5697
P4_C06_ROW_S2_SP           7    3730298              3729606               841835                2887771           22720              9867    0.004228   0.000710           9333              5758
P4_C07_ROW_S2_SP           7    2993060              2992156               627193                2364963           23129             11219    0.004138   0.000777          10649              5893
P4_C08_ROW_S2_SP           7    1754579              1754227               366307                1387920           17069              6958    0.004006   0.000773           6629              4989
P4_C09_BEL_LBE_SP          7    3249765              3249187               677114                2572073           17149              8267    0.003324   0.000700           7984              5375
P4_C10_BEL_KEY_SP          7    1970148              1968773               410938                1557835           20803              9167    0.003959   0.000788           8694              5160
P4_C11_BEL_KEY_SP          7    2223939              2223225               461714                1761511           23020              9853    0.004827   0.000846           9258              5710
P4_C12_BEL_KEY_SP          7    3182904              3181472               634841                2546631           22893             10621    0.004205   0.000814          10033              5666
P4_D01_RUM_S1_SP           7    4221363              4220508               909615                3310893           23289             10784    0.003805   0.000736          10273              5966
P4_D02_RUM_S1_SP           7    3386114              3385102               725223                2659879           23279              9734    0.004588   0.000740           9117              5696
P4_D03_RUM_S1_SP           7    1178315              1178011               257986                 920025           16209              6736    0.003790   0.000751           6430              4852
P4_D04_BEL_ROS_SP          7    1462517              1462247               301735                1160512           18277              7344    0.004072   0.000824           6992              5068
P4_D05_BEL_ROS_SP          7    5414485              5412291              1120092                4292199           24708             12569    0.003787   0.000709          11865              5996
P4_D06_ROW_S2_SP           7    2037338              2035576               445716                1589860           23570             11575    0.005041   0.000783          10798              5673
P4_D07_ROW_S2_SP           7    2735490              2734381               586155                2148226           24116             11686    0.004686   0.000758          11019              5974
P4_D08_ROW_S2_SP           7     261649               261595                57101                 204494            9725              3590    0.004148   0.000912           3414              2883
P4_D10_BEL_KEY_SP          7    3969032              3968254               837772                3130482           21003             10217    0.003623   0.000714           9781              5702
P4_D11_BEL_KEY_SP          7    2398460              2397171               489009                1908162           23017              9975    0.004959   0.000762           9339              5670
P4_D12_BEL_KEY_SP          7     349864               349777                72798                 276979           10355              4210    0.003748   0.000883           4033              3352
P4_E01_RUM_S1_SP           7    2906934              2904722               626875                2277847           26039             14777    0.004469   0.000774          13935              6118
P4_E02_RUM_S1_SP           7    5748726              5744674              1230280                4514394           25930             17449    0.003456   0.000672          16730              6078
P4_E04_BEL_ROS_SP          7    4078136              4076874               838576                3238298           26247             13487    0.004328   0.000788          12717              6143
P4_E05_BEL_ROS_SP          7    6749943              6747969              1329013                5418956           27046             14348    0.004316   0.000702          13528              6156
P4_E06_ROW_S2_SP           7    3911945              3910822               861864                3048958           26737             14053    0.004287   0.000777          13264              6180
P4_E07_ROW_S2_SP           7    5082974              5081753              1112612                3969141           24774             12072    0.004004   0.000703          11449              6166
P4_E08_ROW_S2_SP           7    2756169              2755342               600761                2154581           23592             11975    0.003936   0.000867          11338              5902
P4_E09_BEL_LBE_SP          7    2674460              2672874               568214                2104660           25409             14250    0.004473   0.000798          13473              6017
P4_E10_BEL_KEY_SP          7    3827631              3826386               801601                3024785           24568              9921    0.005211   0.000829           9254              5777
P4_E11_BEL_KEY_SP          7    3139177              3138516               667282                2471234           17425              8788    0.003473   0.000732           8464              5485
P4_E12_BEL_KEY_SP          7     559779               559625               120822                 438803           11475              5238    0.004396   0.000908           5015              3996
P4_F01_RUM_S1_SP           7    2601116              2599590               522236                2077354           20642              8920    0.004073   0.000750           8415              5368
P4_F02_RUM_S1_SP           7    5686952              5684104              1223956                4460148           25778             15536    0.003769   0.000669          14782              6079
P4_F03_BEL_ROS_SP          7    4490473              4489237               962435                3526802           24104             10892    0.004557   0.000688          10250              5884
P4_F04_BEL_ROS_SP          7    5057683              5056533              1072552                3983981           23105             10449    0.004017   0.000713           9885              5651
P4_F05_BEL_ROS_SP          7    6461784              6458509              1349720                5108789           28658             18094    0.003534   0.000773          17256              6254
P4_F06_ROW_S2_SP           7    5066438              5065371              1131824                3933547           25616             12470    0.003902   0.000736          11845              6135
P4_F07_ROW_S2_SP           7    1257610              1255437               257710                 997727           21559              9731    0.005117   0.000824           9001              4887
P4_F08_ROW_S2_SP           7    2929422              2928741               622707                2306034           23994             12231    0.003818   0.000821          11635              5976
P4_F09_BEL_LBE_SP          7    1437067              1435116               303985                1131131           20756              9217    0.004410   0.000815           8675              4967
P4_F11_BEL_KEY_SP          7    3949640              3947606               822407                3125199           20375              9081    0.003675   0.000689           8654              5233
P4_G01_RUM_S1_SP           7    6502378              6497912              1404688                5093224           28386             17967    0.003687   0.000683          17097              6235
P4_G02_RUM_S1_SP           7    3633108              3627415               793854                2833561           24627             16324    0.003572   0.000727          15574              6001
P4_G03_BEL_ROS_SP          7    5121885              5119981              1054075                4065906           26733             14643    0.004267   0.000770          13856              6146
P4_G04_BEL_ROS_SP          7    3965748              3964835               811721                3153114           23818             10644    0.004444   0.000763          10039              5839
P4_G05_BEL_ROS_SP          7    3402604              3400829               683746                2717083           22510             10457    0.004212   0.000733           9872              5696
P4_G06_ROW_S2_SP           7    5699892              5697948              1242486                4455462           27539             14672    0.004336   0.000731          13809              6204
P4_G07_ROW_S2_SP           7    2030125              2028216               430455                1597761           21156              8892    0.004632   0.000759           8339              5238
P4_G09_BEL_LBE_SP          7    1577088              1576224               320923                1255301           18993              7908    0.003601   0.000781           7505              4880
P4_G10_BEL_KEY_SP          7    3116142              3115448               658343                2457105           26117             11563    0.008708   0.000940          10615              5723
P4_G11_BEL_KEY_SP          7    3365052              3364357               702534                2661823           18597              8328    0.003785   0.000721           7983              5383
P4_H01_RUM_S1_SP           7    5792421              5789450              1247455                4541995           27623             15623    0.003983   0.000695          14822              6201
P4_H02_RUM_S1_SP           7    4129778              4126138               858782                3267356           24221             12063    0.004210   0.000707          11280              5738
P4_H03_BEL_ROS_SP          7    5287197              5285279              1084722                4200557           26135             13256    0.004326   0.000723          12445              6082
P4_H04_BEL_ROS_SP          7    4115266              4113835               848158                3265677           25605             11793    0.004845   0.000741          11006              6025
P4_H05_BEL_ROS_SP          7    6000035              5997197              1278031                4719166           26175             14871    0.003712   0.000693          14073              6068
P4_H06_ROW_S2_SP           7    4820509              4819151              1033838                3785313           26201             12896    0.004275   0.000705          12156              6184
P4_H07_ROW_S2_SP           7    5296670              5295122              1151258                4143864           26877             12993    0.004283   0.000745          12203              6209
P4_H08_BEL_LBE_SP          7    1636621              1636234               347127                1289107           18971              8160    0.004037   0.000801           7740              5304
P4_H09_BEL_LBE_SP          7    2577845              2576842               527032                2049810           18609              8427    0.003752   0.000744           8061              5272
P4_H10_BEL_KEY_SP          7     864953               864762               178747                 686015           15639              6501    0.007768   0.001097           6073              4458
P5_A01_GRH_RUM_FAR_SP      7    3006306              3005062               507334                2497728           22024              8843    0.005213   0.000785           8293              5647
P5_A02_GRH_PIS_LAW_SP      7    1124331              1124015               221854                 902161           16539              6704    0.004216   0.000871           6389              4825
P5_A03_GRH_PIS_STA_SP      7    3275478              3273597               681801                2591796           20673              8671    0.004053   0.000740           8208              5380
P5_A04_GRH_BEL_KEY_SP      7    1888963              1888263               402115                1486148           19834              8219    0.003836   0.000821           7799              5167
P5_A05_GRH_BEL_KEY_SP      7    1229263              1228753               246213                 982540           17733              7802    0.003793   0.000808           7435              4842
P5_A06_GRH_BEL_KEY_SP      7     525277               525167               107246                 417921           11260              4768    0.002901   0.000866           4595              3325
P5_A07_GRH_PIS_STA_SP      7     690676               690482               144178                 546304           13591              5773    0.003850   0.000844           5512              4338
P5_A08_GRH_RUM_TER_SP      7    1285329              1284810               269541                1015269           15223              5916    0.003520   0.000775           5662              4413
P5_A09_GRH_PIS_LAW_SP      7    1689631              1688775               358311                1330464           19152              7531    0.004311   0.000858           7061              4893
P5_A10_GRH_RUM_FAR_SP      7     400732               400586                84182                 316404            5644              2657    0.001759   0.000728           2603              2045
P5_A11_GRH_PIS_LAW_SP      7     983239               982883               205318                 777565           13184              5714    0.003237   0.000776           5502              4337
P5_A12_GRH_PIS_LAW_SP      7    1231191              1230750               252731                 978019           19360              7554    0.004238   0.000865           7106              5049
P5_B01_GRH_RUM_HAM_SP      7    1446197              1445733               284943                1160790           18422              7427    0.004465   0.000830           7054              5104
P5_B02_GRH_PIS_LAW_SP      7     241291               241227                48567                 192660            8765              2919    0.004346   0.000958           2769              2244
P5_B03_GRH_PIS_STA_SP      7     988810               988432               203815                 784617           14052              5579    0.003330   0.000806           5350              4150
P5_B04_GRH_BEL_KEY_SP      7    1314820              1314518               275181                1039337           13068              6641    0.002705   0.000751           6423              4255
P5_B06_GRH_PIS_STA_SP      7    3100969              3100260               646857                2453403           27665             13600    0.004231   0.000810          12849              5998
P5_B08_GRH_RUM_TER_SP      7     788894               787921               163194                 624727           16048              5520    0.004021   0.000843           5213              3958
P5_B09_GRH_PIS_LAW_SP      7     306061               305948                64397                 241551            9638              3342    0.003440   0.000976           3201              2496
P5_B10_GRH_RUM_FAR_SP      7     674746               674605               140344                 534261            5764              2707    0.001841   0.000642           2640              2053
P5_B11_GRH_PIS_LAW_SP      7     401709               401504                83312                 318192            8451              2761    0.002272   0.000908           2683              1926
P5_C01_GRH_RUM_HAM_SP      7    3375118              3373455               676628                2696827           27560             13646    0.004786   0.000825          12724              6152
P5_C02_GRH_PIS_LAW_SP      7    1885667              1885021               388685                1496336           20647              9102    0.004076   0.000845           8638              5446
P5_C03_GRH_PIS_STA_SP      7    1954936              1954320               405946                1548374           14579              5770    0.003276   0.000718           5539              3873
P5_C04_GRH_PIS_LAW_SP      7    3414426              3413575               718902                2694673           22525             10732    0.003970   0.000756          10250              5764
P5_C06_GRH_PIS_STA_SP      7    3382084              3381144               709593                2671551           26773             13742    0.003921   0.000826          13011              6043
P5_C08_GRH_PIS_LAW_SP      7    1108124              1107847               228146                 879701           13901              6027    0.003045   0.000771           5814              4177
P5_C09_GRH_PIS_LAW_SP      7     463312               463152                97299                 365853            6045              2755    0.001920   0.000770           2691              2096
P5_C10_GRH_RUM_FAR_SP      7     643993               643764               134494                 509270            9788              4048    0.003354   0.000761           3913              3135
P5_C11_GRH_PIS_LAW_SP      7     431578               431354                88293                 343061            9699              3299    0.002920   0.000808           3186              2578
P5_C12_GRH_PIS_LAW_SP      7     416150               416021                83406                 332615            9559              3932    0.003318   0.000804           3783              2915
P5_D01_GRH_RUM_HAM_SP      7     708503               708330               142806                 565524           12990              5479    0.004220   0.000835           5238              4190
P5_D03_GRH_PIS_STA_SP      7    4177501              4175296               848785                3326511           22010              9284    0.004365   0.000732           8757              5539
P5_D04_GRH_PIS_LAW_SP      7    2658152              2657143               543731                2113412           21075              9838    0.004007   0.000699           9366              5542
P5_D06_GRH_PIS_STA_SP      7     763430               763088               156265                 606823           16197              6695    0.003601   0.000846           6388              4296
P5_D07_GRH_PIS_STA_SP      7     355707               355632                73227                 282405           10750              4130    0.004232   0.000937           3933              3233
P5_D08_GRH_PIS_LAW_SP      7     988696               988389               203349                 785040            9220              3330    0.002500   0.000686           3208              2353
P5_D09_GRH_PIS_STA_SP      7    1000197               999887               206685                 793202           12169              5033    0.002821   0.000737           4861              3752
P5_D10_GRH_RUM_FAR_SP      7     167844               167594                33459                 134135            5508              1853    0.002646   0.000847           1802              1461
P5_D11_GRH_PIS_LAW_SP      7    1013047              1012813               206843                 805970           10749              4978    0.002940   0.000793           4822              3744
P5_D12_GRH_PIS_LAW_SP      7    1453079              1452408               295542                1156866           17644              7433    0.003731   0.000809           7096              4967
P5_E02_GRH_PIS_LAW_SP      7    1243551              1243223               207099                1036124           15078              6287    0.004279   0.000900           6002              4601
P5_E04_GRH_PIS_LAW_SP      7    1510278              1509562               309338                1200224           21233              8365    0.004739   0.000873           7833              5280
P5_E05_GRH_RUM_TER_SP      7    1640308              1639546               343512                1296034           19179              8416    0.003564   0.000812           8007              5006
P5_E07_GRH_RUM_TER_SP      7    1270550              1270195               265699                1004496           17178              7923    0.003703   0.000767           7589              5063
P5_E08_GRH_PIS_LAW_SP      7    1295667              1295304               270259                1025045           19283              7322    0.004740   0.001055           6905              4977
P5_E09_GRH_PIS_STA_SP      7    1138866              1138408               234922                 903486           13241              5348    0.003386   0.000772           5134              3830
P5_E10_GRH_RUM_FAR_SP      7     330905               330788                70130                 260658            8570              3336    0.003104   0.000819           3199              2504
P5_E11_GRH_PIS_LAW_SP      7    1278143              1277347               263912                1013435           13677              4905    0.002899   0.000739           4692              3134
P5_E12_GRH_PIS_LAW_SP      7     638652               638479               135763                 502716            6611              2811    0.001886   0.000685           2737              2134
P5_F03_GRH_PIS_STA_SP      7    1840271              1839557               383441                1456116           17173              7046    0.003603   0.000774           6741              4781
P5_F04_GRH_PIS_LAW_SP      7    3668613              3667103               743953                2923150           27443             13165    0.004376   0.000785          12325              6105
P5_F05_GRH_RUM_TER_SP      7    1108795              1107866               230987                 876879           18532              7049    0.003780   0.000807           6673              4712
P5_F06_GRH_PIS_STA_SP      7     731346               731131               153103                 578028           11025              4280    0.002485   0.000828           4144              2816
P5_F07_GRH_RUM_TER_SP      7     713247               713066               142830                 570236           10871              4823    0.003087   0.000751           4656              3611
P5_F08_GRH_PIS_LAW_SP      7    1012450              1012224               212769                 799455           17293              7715    0.004010   0.000823           7365              4876
P5_F10_GRH_RUM_FAR_SP      7    1480217              1479861               302822                1177039           13333              5606    0.002822   0.000746           5406              3653
P5_F11_GRH_PIS_LAW_SP      7     564545               563842               119035                 444807           11794              3934    0.002850   0.000792           3778              2796
P5_F12_GRH_BEL_KEY_SP      7    1826876              1826227               377594                1448633           13141              5324    0.003066   0.000715           5110              3680
P5_G02_GRH_PIS_STA_SP      7    1029641              1029425               212045                 817380           12773              5885    0.003731   0.000771           5653              4389
P5_G03_GRH_PIS_STA_SP      7     620712               620126               125013                 495113           14369              4442    0.003359   0.000847           4233              3167
P5_G04_GRH_BEL_KEY_SP      7    4704189              4702950               942362                3760588           27857             13648    0.004317   0.000777          12834              6199
P5_G05_GRH_PIS_STA_SP      7    2206908              2206026               455074                1750952           20541              8847    0.004057   0.000807           8399              5390
P5_G06_GRH_PIS_STA_SP      7    2722236              2720643               559150                2161493           21990             10136    0.003920   0.000764           9591              5445
P5_G07_GRH_RUM_TER_SP      7    3777247              3775610               772391                3003219           23345             12293    0.003661   0.000828          11648              5805
P5_G08_GRH_PIS_LAW_SP      7     998293               998042               204161                 793881           15880              6525    0.006497   0.001098           6145              4586
P5_G09_GRH_BEL_KEY_SP      7    1136471              1136076               232596                 903480           12721              5619    0.003061   0.000714           5428              4032
P5_G10_GRH_RUM_FAR_SP      7    3078307              3077302               636169                2441133           19156              7893    0.003853   0.000703           7492              4954
P5_H01_GRH_PIS_LAW_SP      7     684987               684623               146521                 538102           11877              4606    0.003249   0.000786           4425              3527
P5_H02_GRH_PIS_STA_SP      7    2192876              2192401               451473                1740928           17097              7312    0.004235   0.000798           6990              5093
P5_H04_GRH_BEL_KEY_SP      7    1142312              1141852               239603                 902249           16165              6515    0.003772   0.000841           6222              4677
P5_H06_GRH_PIS_STA_SP      7    2035776              2035033               410694                1624339           21347              8153    0.004501   0.000842           7639              5373
P5_H07_GRH_PIS_STA_SP      7     572982               572761               119779                 452982           10038              3960    0.002954   0.000751           3827              3045
P5_H08_GRH_PIS_LAW_SP      7     269133               269055                55798                 213257            9821              3197    0.007396   0.001225           2988              2448
P5_H09_GRH_PIS_LAW_SP      7     384016               383940                78254                 305686            7996              3932    0.003385   0.000839           3781              2990
P5_H10_GRH_PIS_LAW_SP      7     551746               551600               111669                 439931            6733              2394    0.002226   0.000686           2330              1741
P5_H11_GRH_PIS_LAW_SP      7     512147               511702               107238                 404464           15042              4538    0.004195   0.000882           4290              3408
P5_H12_GRH_PIS_LAW_SP      7    1398876              1398459               284473                1113986           14724              5846    0.003474   0.000767           5596              4209
P6_A01_GRH_PIS_PAT_SP      7    1414094              1412764               300618                1112146           30295              3615    0.005081   0.000589           3407              1600
P7_A01_GRH_PIS_STA_SP      7    3623451              3622018               733008                2889010           25116             10904    0.005086   0.000843          10126              5845
P7_A02_GRH_BEL_KEY_SP      7     575013               574796               114747                 460049           12572              4718    0.003407   0.000822           4535              3543
P7_A03_GRH_PIS_PAT_SP      7     340198               339885                68770                 271115           14463              3586    0.004563   0.001039           3352              2723
P7_A05_GRH_RUM_FAR_SP      7    1109067              1108774               228740                 880034           13369              5376    0.003230   0.000762           5171              3920
P7_A07_GRH_RUM_HAM_SP      7    1329132              1328758               273888                1054870           15396              6769    0.003369   0.000807           6507              4489
P7_A08_GRH_PIS_LAW_SP      7    2066720              2066070               421707                1644363           16932              6854    0.003810   0.000731           6516              4463
P7_A09_GRH_PIS_LAW_SP      7     424190               424067                90610                 333457            7494              3135    0.002321   0.000790           3046              2393
P7_A10_NUR_DEMV_SP         7    2088387              2087892               429094                1658798           18601              7694    0.005361   0.000842           7264              4614
P7_A11_NUR_DEMV_SP         7    1714605              1711688               341456                1370232           21413              9282    0.005622   0.000839           8651              4635
P7_A12_NUR_NEWP_SP         7    3992433              3991351               870266                3121085           24449             10824    0.005458   0.000776          10149              5496
P7_B01_GRH_PIS_STA_SP      7     392555               392425                78466                 313959            5096              1986    0.001487   0.000764           1939              1518
P7_B02_GRH_BEL_KEY_SP      7     322251               322039                67496                 254543           11707              3735    0.003705   0.000883           3555              2940
P7_B04_GRH_RUM_TER_SP      7    1106431              1106140               231527                 874613           11414              5096    0.002457   0.000755           4945              3708
P7_B05_GRH_PIS_PAT_SP      7     221311               221269                46552                 174717            4982              2468    0.002254   0.000731           2404              1714
P7_B07_GRH_RUM_HAM_SP      7    3485207              3484230               707436                2776794           21641              9944    0.004143   0.000789           9434              5402
P7_B08_GRH_PIS_LAW_SP      7    1091996              1091757               216482                 875275           10934              4522    0.002617   0.000716           4387              3330
P7_B09_GRH_PIS_LAW_SP      7    1585874              1585118               315042                1270076           20287              8906    0.004525   0.000972           8371              4997
P7_B10_NUR_DEMV_SP         7    1407913              1407013               298375                1108638           17901              6971    0.004851   0.000801           6585              4147
P7_B11_NUR_NEWP_SP         7    3004709              3003355               590256                2413099           23653             10468    0.005893   0.000858           9788              5351
P7_B12_NUR_NEWP_SP         7     648813               648577               138890                 509687           15055              5729    0.005538   0.001011           5408              3844
P7_C01_GRH_PIS_STA_SP      7    1157926              1156998               236670                 920328           20438              7979    0.004789   0.000870           7458              4960
P7_C02_GRH_BEL_KEY_SP      7    3340488              3339292               675382                2663910           24166             10898    0.004496   0.000809          10226              5960
P7_C03_GRH_PIS_LAW_SP      7     559272               558993               114608                 444385           10728              3941    0.002998   0.000828           3803              2905
P7_C04_GRH_PIS_STA_SP      7     733924               733699               146737                 586962           11030              5294    0.003060   0.000731           5117              3919
P7_C05_GRH_BEL_KEY_SP      7    2029411              2029075               427499                1601576           14543              6573    0.003035   0.000741           6342              4610
P7_C06_GRH_PIS_LAW_SP      7     178652               178620                36479                 142141            7175              2194    0.003817   0.000953           2092              1637
P7_C07_GRH_RUM_HAM_SP      7    2124844              2124020               440997                1683023           21072              9499    0.004365   0.000811           8966              5249
P7_C08_GRH_PIS_LAW_SP      7    2156979              2156205               396147                1760058           17247              7282    0.003615   0.000751           6948              4694
P7_C09_NUR_DEMV_SP         7    3499869              3498784               766626                2732158           24991             11933    0.005445   0.000825          11194              5543
P7_C10_NUR_DEMV_SP         7    1546100              1545439               327719                1217720           16787              7323    0.004156   0.000812           7009              4366
P7_C11_NUR_NEWP_SP         7    2022012              2021415               422635                1598780           18775              8181    0.004944   0.000807           7764              4744
P7_C12_NUR_NEWP_SP         7    2640235              2638762               556668                2082094           25642             11232    0.006335   0.000852          10378              5442
P7_D01_GRH_PIS_STA_SP      7     850497               850168               169464                 680704           12487              5274    0.003177   0.000764           5097              3881
P7_D02_GRH_PIS_PAT_SP      7    1795743              1794981               362548                1432433           19624              8124    0.003777   0.000779           7733              5475
P7_D03_GRH_PIS_LAW_SP      7    2403993              2402846               401309                2001537           14815              6370    0.003336   0.000748           6060              3414
P7_D04_GRH_PIS_STA_SP      7    2326436              2325738               483453                1842285           15841              6977    0.003194   0.000732           6727              4856
P7_D05_GRH_BEL_KEY_SP      7    3074058              3072998               630432                2442566           17227              7320    0.003625   0.000708           6969              4400
P7_D06_GRH_RUM_FAR_SP      7     217672               217623                43951                 173672            8021              2788    0.004371   0.000965           2639              2172
P7_D07_GRH_RUM_HAM_SP      7    3122277              3121159               656022                2465137           22430             10609    0.003815   0.000821          10061              5705
P7_D09_NUR_DEMV_SP         7    2433637              2432766               520655                1912111           21478              9924    0.004992   0.000817           9405              5154
P7_D11_NUR_NEWP_SP         7     508749               508498               106034                 402464           12340              3880    0.003454   0.000867           3719              2515
P7_D12_NUR_NEWP_SP         7     333368               333246                72504                 260742            7709              3472    0.003610   0.000913           3346              2419
P7_E01_GRH_PIS_STA_SP      7    2767471              2766655               574799                2191856           20495              9032    0.004052   0.000773           8576              5323
P7_E02_GRH_PIS_PAT_SP      7    1442208              1441835               273332                1168503           13041              6041    0.002900   0.000715           5842              4325
P7_E03_GRH_PIS_LAW_SP      7     502871               502770               105521                 397249           10065              4325    0.003150   0.000848           4170              3289
P7_E04_GRH_PIS_STA_SP      7    1220094              1219778               244881                 974897           13917              5920    0.003168   0.000727           5710              4565
P7_E05_GRH_BEL_KEY_SP      7     978995               978618               205670                 772948           15777              6584    0.006586   0.000949           6236              4467
P7_E06_GRH_RUM_FAR_SP      7     836214               835904               171987                 663917           12982              4639    0.003366   0.000854           4448              3515
P7_E07_GRH_PIS_LAW_SP      7    5767324              5765022              1376001                4389021           96704             27698    0.004424   0.001038          25611              5124
P7_E08_GRH_PIS_STA_SP      7    2656448              2655619               539059                2116560           21183              9021    0.003837   0.000778           8580              5497
P7_E09_NUR_DEMV_SP         7    2129732              2128727               446250                1682477           22101              9505    0.005969   0.000848           8877              4985
P7_E10_NUR_DEMV_SP         7    1783937              1783474               384443                1399031           18815              8148    0.004860   0.000814           7731              4758
P7_E11_NUR_NEWP_SP         7     577298               577019               119386                 457633           12509              4933    0.006230   0.001094           4680              3342
P7_E12_NUR_NEWP_SP         7    2093244              2092343               446085                1646258           19588              8709    0.004883   0.000806           8283              4870
P7_F01_GRH_PIS_STA_SP      7    2897990              2896047               593763                2302284           22291             11124    0.004422   0.000792          10451              5419
P7_F02_GRH_PIS_PAT_SP      7    2193192              2192486               433055                1759431           13750              5403    0.003002   0.000706           5188              3635
P7_F03_GRH_PIS_LAW_SP      7     280334               280236                58362                 221874           10778              3160    0.004330   0.000993           2968              2451
P7_F05_GRH_PIS_STA_SP      7     646062               645848               134706                 511142           13268              5218    0.004895   0.001022           4989              4071
P7_F06_GRH_RUM_FAR_SP      7     405731               405633                83997                 321636           11170              4371    0.003880   0.001028           4186              3378
P7_F08_GRH_PIS_STA_SP      7    2035237              2034456               404145                1630311           20085              8555    0.003778   0.000896           8120              5314
P7_F09_NUR_DEMV_SP         7    4930983              4927640              1017116                3910524           26788             16106    0.005341   0.000667          15195              5661
P7_F10_NUR_DEMV_SP         7    5548229              5546960              1163727                4383233           27545             13709    0.005258   0.000778          12892              5826
P7_F12_NUR_NEWP_SP         7     383296               383215                76399                 306816            7882              3302    0.003142   0.000902           3190              2181
P7_G01_GRH_PIS_STA_SP      7    2622565              2621836               538085                2083751           19943              8714    0.004109   0.000781           8280              5387
P7_G02_GRH_PIS_PAT_SP      7    2236231              2235546               455973                1779573           16363              6568    0.003431   0.000707           6286              4542
P7_G03_GRH_PIS_LAW_SP      7    1313779              1313298               269437                1043861           17908              7600    0.004006   0.000866           7226              5050
P7_G06_GRH_RUM_TER_SP      7    1196978              1196350               240015                 956335           18582              6725    0.004483   0.000865           6322              4717
P7_G07_GRH_PIS_LAW_SP      7     814538               814194               410342                 403852           95120             24427    0.003406   0.000933          22925              1354
P7_G08_GRH_BEL_KEY_SP      7    2273469              2272925               470868                1802057           18667              8694    0.003566   0.000799           8324              5369
P7_G09_NUR_DEMV_SP         7    2813997              2812933               591664                2221269           19524              8478    0.004815   0.000770           8087              4859
P7_G11_NUR_NEWP_SP         7     206025               205946                42915                 163031            7057              2423    0.003955   0.001098           2316              1699
P7_G12_NUR_NEWP_SP         7    2874066              2872874               596402                2276472           20454              8627    0.005184   0.000780           8173              4940
P7_H01_GRH_PIS_STA_SP      7    1071246              1068851               217039                 851812           16871              6263    0.004089   0.000776           5904              4009
P7_H02_GRH_PIS_PAT_SP      7     496888               496717               103115                 393602            7073              2529    0.001789   0.000746           2456              1892
P7_H05_GRH_PIS_STA_SP      7     311590               311506                64504                 247002            9851              3753    0.004140   0.000866           3574              2953
P7_H06_GRH_RUM_HAM_SP      7     440715               440580                90901                 349679           10027              4132    0.003598   0.000854           3980              3240
P7_H07_GRH_PIS_LAW_SP      7    1182580              1179766               197643                 982123           20167             10047    0.004574   0.000929           9418              3859
P7_H08_GRH_BEL_KEY_SP      7    1925162              1924858               401107                1523751           15157              7103    0.003547   0.000767           6814              5008
P7_H09_NUR_DEMV_SP         7    3374756              3373804               711686                2662118           18809              7815    0.004656   0.000744           7393              4562
P7_H10_NUR_DEMV_SP         7     848122               847921               182053                 665868           11762              5732    0.004320   0.000837           5496              3846
P7_H11_NUR_NEWP_SP         7    1144669              1144334               190452                 953882           14411              6180    0.004841   0.000882           5887              4075
P7_H12_NUR_NEWP_SP         7    1120311              1119836               235370                 884466           12745              4897    0.003733   0.000719           4685              3159
P8_A12_NUR_PINE_SP         7    3396816              3394981               746056                2648925           24682             11661    0.006148   0.000743          10812              5333
P8_B11_NUR_PINE_SP         7    5231135              5228845              1157428                4071417           26457             12760    0.006159   0.000695          11909              5592
P8_B12_NUR_PINE_SP         7    4533922              4532478               938790                3593688           24257             10957    0.005364   0.000740          10297              5425
P8_C11_NUR_PINE_SP         7    6840675              6837524              1510958                5326566           29478             16125    0.005621   0.000699          15162              5783
P8_C12_NUR_PINE_SP         7    3815416              3813757               796911                3016846           29310             16162    0.005635   0.000859          15102              5808
P8_D11_NUR_PINE_SP         7    2672030              2667528               557595                2109933           22421             10738    0.005040   0.000721          10022              4932
P8_D12_NUR_PINE_SP         7    2133079              2128581               407333                1721248           25850             16925    0.005126   0.000870          16031              5266
P8_E11_NUR_PINE_SP         7    5679540              5677733              1240012                4437721           27515             12455    0.005867   0.000807          11596              5662
P8_E12_NUR_PINE_SP         7    3293623              3292906               694248                2598658           24389             10483    0.009054   0.000927           9563              5368
P8_F11_NUR_PINE_SP         7    3685505              3683104               778131                2904973           26637             14503    0.005701   0.000800          13598              5599
P8_F12_NUR_PINE_SP         7    2060833              2060362               445457                1614905           19404              7941    0.005249   0.000809           7494              4721
P8_G11_NUR_PINE_SP         7    6174852              6171725              1335379                4836346           29747             16559    0.005696   0.000732          15517              5873
P8_G12_NUR_PINE_SP         7     444333               444243                95205                 349038           10466              4922    0.005253   0.001053           4705              3441
P8_H11_NUR_PINE_SP         7    1094808              1094237               236498                 857739           13660              5731    0.004080   0.000739           5502              3709
P8_H12_NUR_PINE_SP         7     860892               860714               180928                 679786           15375              6278    0.005303   0.001042           5948              4097
