"name" "state" "reads_raw" "reads_passed_filter" "refseq_mapped_reads" "refseq_unmapped_reads" "clusters_total" "clusters_hidepth" "hetero_est" "error_est" "reads_consens" "loci_in_assembly" "sites" "site_simple"
"P1-Nutr_A01_ROW_S1B_SA" 7 4066362 4065161 2204855 1860306 176643 82405 0.004411 0.00079 76158 53014 "ROW_S1B" "ROW"
"P1-Nutr_A02_ROW_S1B_SA" 7 2892742 2891910 1506292 1385618 131745 54702 0.003496 0.000774 52240 44164 "ROW_S1B" "ROW"
"P1-Nutr_A03_ROW_S1B_SA" 7 2147432 2146775 1127622 1019153 141688 51798 0.003849 0.000785 47828 40015 "ROW_S1B" "ROW"
"P1-Nutr_B01_ROW_S1B_SA" 7 3980098 3979025 2093593 1885432 166666 73377 0.003616 0.000735 68157 50928 "ROW_S1B" "ROW"
"P1-Nutr_B02_ROW_S1B_SA" 7 2576278 2575420 1394107 1181313 145562 56053 0.004163 0.000899 52523 44927 "ROW_S1B" "ROW"
"P1-Nutr_B03_ROW_S1B_SA" 7 3151697 3150874 1730691 1420183 137494 59916 0.003362 0.000742 57165 44819 "ROW_S1B" "ROW"
"P1-Nutr_C01_ROW_S1B_SA" 7 3843521 3842604 2109349 1733255 163418 72831 0.003829 0.000776 68239 51408 "ROW_S1B" "ROW"
"P1-Nutr_C02_ROW_S1B_SA" 7 1262024 1261553 654735 606818 105372 36767 0.003109 0.00075 35401 32694 "ROW_S1B" "ROW"
"P1-Nutr_D01_ROW_S1B_SA" 7 2419354 2418645 1304830 1113815 147064 56076 0.00399 0.000778 51967 42574 "ROW_S1B" "ROW"
"P1-Nutr_D02_ROW_S1B_SA" 7 802145 801935 433784 368151 100189 26873 0.004709 0.000816 24844 23611 "ROW_S1B" "ROW"
"P1-Nutr_D03_ROW_S1B_SA" 7 4231907 4230723 2276263 1954460 174472 78277 0.004463 0.000834 71608 50852 "ROW_S1B" "ROW"
"P1-Nutr_E01_ROW_S1B_SA" 7 1842273 1841622 995519 846103 121799 47646 0.003328 0.00079 45507 39101 "ROW_S1B" "ROW"
"P1-Nutr_E02_ROW_S1B_SA" 7 3113718 3112838 1707673 1405165 140900 57853 0.003502 0.000768 54542 44168 "ROW_S1B" "ROW"
"P1-Nutr_F01_ROW_S1B_SA" 7 3117182 3116199 1655987 1460212 143214 63199 0.003415 0.000752 60229 48552 "ROW_S1B" "ROW"
"P1-Nutr_F02_ROW_S1B_SA" 7 3383824 3382840 1819588 1563252 170008 73880 0.004625 0.00081 68086 50010 "ROW_S1B" "ROW"
"P1-Nutr_G01_ROW_S1B_SA" 7 1861555 1860730 1003645 857085 134654 49608 0.00332 0.000773 46808 39191 "ROW_S1B" "ROW"
"P1-Nutr_G02_ROW_S1B_SA" 7 3828549 3827643 2064130 1763513 156555 67369 0.003822 0.000784 63228 49023 "ROW_S1B" "ROW"
"P1-Nutr_H01_ROW_S1B_SA" 7 1888565 1888053 998110 889943 90729 42247 0.00269 0.000787 41258 35723 "ROW_S1B" "ROW"
"P1-Nutr_H02_ROW_S1B_SA" 7 2516685 2516007 1364950 1151057 139177 53517 0.00386 0.00075 50567 43697 "ROW_S1B" "ROW"
"P1_A01_RUM_S3_SA" 7 4953456 4951243 2613228 2338015 184102 84497 0.004311 0.000703 77347 53623 "RUM_S3" "RUM"
"P1_A02_RUM_S3_SA" 7 5106213 5103720 2665643 2438077 173937 76023 0.004109 0.000752 70261 52959 "RUM_S3" "RUM"
"P1_A03_RUM_S3_SA" 7 5186706 5183993 2631471 2552522 186294 85598 0.004712 0.000717 78111 54100 "RUM_S3" "RUM"
"P1_A04_ROW_S2_SA" 7 3476352 3474387 1791106 1683281 175515 73957 0.004134 0.000728 67022 50421 "ROW_S2" "ROW"
"P1_A05_ROW_S2_SA" 7 4751685 4749198 2494975 2254223 179781 81877 0.00423 0.000781 75267 53506 "ROW_S2" "ROW"
"P1_A06_ROW_S2_SA" 7 2912926 2911992 1572001 1339991 152137 62333 0.003681 0.000742 58422 46609 "ROW_S2" "ROW"
"P1_A07_BEL_KEY_SA" 7 3167682 3166424 1650130 1516294 166491 68334 0.00403 0.000691 62286 46923 "BEL_KEY" "BEL"
"P1_A08_BEL_KEY_SA" 7 4651103 4649230 2509970 2139260 162153 70033 0.003757 0.000718 65576 51604 "BEL_KEY" "BEL"
"P1_A09_BEL_KEY_SA" 7 2404331 2403666 1250954 1152712 112190 49300 0.003573 0.000699 48005 43828 "BEL_KEY" "BEL"
"P1_A10_RUM_S2_SA" 7 4082084 4080770 2020802 2059968 154375 63299 0.003889 0.000734 58839 48121 "RUM_S2" "RUM"
"P1_A11_RUM_S2_SA" 7 4155000 4153577 2070166 2083411 151111 62478 0.003704 0.000717 58893 49094 "RUM_S2" "RUM"
"P1_A12_RUM_S2_SA" 7 3922456 3920580 2022051 1898529 158656 62412 0.006269 0.000885 56310 47540 "RUM_S2" "RUM"
"P1_B01_RUM_S3_SA" 7 4878328 4875984 2628310 2247674 182480 86256 0.004239 0.000706 78620 53114 "RUM_S3" "RUM"
"P1_B02_RUM_S3_SA" 7 4756124 4753993 2454691 2299302 158834 68365 0.003733 0.000709 64384 51175 "RUM_S3" "RUM"
"P1_B03_RUM_S3_SA" 7 4859358 4856508 2593174 2263334 185648 86811 0.004229 0.000748 78987 53974 "RUM_S3" "RUM"
"P1_B04_ROW_S2_SA" 7 4527347 4525672 2304800 2220872 178735 79845 0.004397 0.000791 73109 53131 "ROW_S2" "ROW"
"P1_B05_ROW_S2_SA" 7 635509 635245 320523 314722 88184 17805 0.003382 0.000763 16321 15149 "ROW_S2" "ROW"
"P1_B06_ROW_S2_SA" 7 3697475 3696212 1938296 1757916 172544 73091 0.004177 0.000715 67116 51077 "ROW_S2" "ROW"
"P1_B07_BEL_KEY_SA" 7 1235931 1235072 649290 585782 121572 35032 0.002637 0.000785 32351 26817 "BEL_KEY" "BEL"
"P1_B08_BEL_KEY_SA" 7 4422367 4419834 2378486 2041348 170006 77401 0.003932 0.000748 71342 51463 "BEL_KEY" "BEL"
"P1_B09_BEL_KEY_SA" 7 1581228 1580573 847079 733494 115387 43460 0.004021 0.000713 41775 38659 "BEL_KEY" "BEL"
"P1_B10_RUM_S2_SA" 7 4340969 4339244 2174476 2164768 162184 69850 0.003934 0.000742 64425 49900 "RUM_S2" "RUM"
"P1_B11_RUM_S2_SA" 7 2831052 2829304 1436127 1393177 147007 54497 0.003574 0.000697 51214 44747 "RUM_S2" "RUM"
"P1_B12_RUM_S2_SA" 7 1168382 1168033 615130 552903 104232 37135 0.004248 0.00083 35212 32903 "RUM_S2" "RUM"
"P1_C01_RUM_S3_SA" 7 4728009 4726562 2531411 2195151 171670 75942 0.003824 0.000742 70869 53340 "RUM_S3" "RUM"
"P1_C03_RUM_S3_SA" 7 3970007 3968113 2046418 1921695 152345 59796 0.003818 0.000746 56586 48317 "RUM_S3" "RUM"
"P1_C04_ROW_S2_SA" 7 3949931 3948465 2019206 1929259 177419 77289 0.004411 0.000748 70789 52331 "ROW_S2" "ROW"
"P1_C05_ROW_S2_SA" 7 4304727 4302625 2184074 2118551 159652 63613 0.003912 0.000742 59339 49283 "ROW_S2" "ROW"
"P1_C07_BEL_KEY_SA" 7 4157594 4156331 2198389 1957942 159956 69632 0.004177 0.000746 64772 49090 "BEL_KEY" "BEL"
"P1_C08_BEL_KEY_SA" 7 3619955 3617870 1899190 1718680 163437 68217 0.004151 0.000724 62283 48834 "BEL_KEY" "BEL"
"P1_C09_BEL_KEY_SA" 7 1790622 1789989 968150 821839 123982 48445 0.004156 0.000746 46342 41951 "BEL_KEY" "BEL"
"P1_C10_RUM_S2_SA" 7 4656862 4655414 2249217 2406197 144112 61194 0.003596 0.000689 57483 45568 "RUM_S2" "RUM"
"P1_C11_RUM_S2_SA" 7 4443742 4441456 2132845 2308611 166360 67474 0.003914 0.000729 61873 49905 "RUM_S2" "RUM"
"P1_D01_RUM_S3_SA" 7 4733735 4731733 2472373 2259360 181630 81227 0.004087 0.000706 74280 53102 "RUM_S3" "RUM"
"P1_D02_RUM_S3_SA" 7 5011617 5008833 2579406 2429427 171566 72822 0.00391 0.000715 67196 52103 "RUM_S3" "RUM"
"P1_D03_RUM_S3_SA" 7 4183124 4181693 2211730 1969963 146189 59142 0.003751 0.000685 56232 47744 "RUM_S3" "RUM"
"P1_D04_ROW_S2_SA" 7 1186459 1186137 574617 611520 69782 33460 0.00219 0.000738 32730 28189 "ROW_S2" "ROW"
"P1_D05_ROW_S2_SA" 7 3780623 3779537 1934153 1845384 153289 69383 0.00362 0.000753 65924 51556 "ROW_S2" "ROW"
"P1_D06_BEL_ROS_SA" 7 2232478 2231872 1164781 1067091 119043 51797 0.004913 0.000918 49289 44394 "BEL_ROS" "BEL"
"P1_D07_BEL_KEY_SA" 7 3895200 3894034 2116810 1777224 175791 79435 0.004356 0.000715 73147 51635 "BEL_KEY" "BEL"
"P1_D08_BEL_KEY_SA" 7 3846985 3845543 2066267 1779276 152168 64438 0.003425 0.000712 60729 49653 "BEL_KEY" "BEL"
"P1_D09_BEL_KEY_SA" 7 1702710 1702090 899191 802899 125108 45527 0.004221 0.000794 43171 39779 "BEL_KEY" "BEL"
"P1_D10_RUM_S2_SA" 7 4296000 4294393 2270890 2023503 170338 76139 0.003876 0.000721 70337 51422 "RUM_S2" "RUM"
"P1_D11_RUM_S2_SA" 7 1832745 1831604 865962 965642 120899 42851 0.003565 0.000738 41272 38241 "RUM_S2" "RUM"
"P1_D12_BEL_ROS_SA" 7 4296431 4294339 1968296 2326043 150632 58717 0.003665 0.000748 55131 47479 "BEL_ROS" "BEL"
"P1_E01_RUM_S3_SA" 7 4058238 4057038 2152427 1904611 143582 61792 0.003655 0.000694 59188 50027 "RUM_S3" "RUM"
"P1_E02_RUM_S3_SA" 7 3046108 3044771 1606225 1438546 132253 53712 0.003445 0.000722 51853 46465 "RUM_S3" "RUM"
"P1_E03_RUM_S3_SA" 7 5286188 5284370 2793372 2490998 177584 86194 0.003844 0.000731 81010 54643 "RUM_S3" "RUM"
"P1_E04_ROW_S2_SA" 7 3887094 3884919 1993246 1891673 176791 80043 0.004238 0.000746 72668 50522 "ROW_S2" "ROW"
"P1_E05_ROW_S2_SA" 7 4325259 4323568 2264639 2058929 187302 88956 0.004242 0.000733 81368 53441 "ROW_S2" "ROW"
"P1_E06_BEL_ROS_SA" 7 3855885 3854495 966375 2888120 138825 47937 0.004233 0.000731 44758 40143 "BEL_ROS" "BEL"
"P1_E07_BEL_KEY_SA" 7 3986858 3985476 2098258 1887218 154445 66468 0.004104 0.000737 62861 51261 "BEL_KEY" "BEL"
"P1_E08_BEL_KEY_SA" 7 1740014 1738719 921649 817070 142777 46283 0.00363 0.00075 42611 36894 "BEL_KEY" "BEL"
"P1_E10_RUM_S2_SA" 7 3073766 3072595 1559142 1513453 153349 59657 0.004465 0.000912 55607 47540 "RUM_S2" "RUM"
"P1_E11_RUM_S2_SA" 7 2609271 2608099 1330294 1277805 161564 61051 0.004082 0.000725 56448 46513 "RUM_S2" "RUM"
"P1_E12_BEL_ROS_SA" 7 1211345 1209165 616352 592813 137483 35880 0.003288 0.000737 30614 19887 "BEL_ROS" "BEL"
"P1_F01_RUM_S3_SA" 7 4145197 4144192 2177123 1967069 141843 63573 0.003836 0.00069 61012 50556 "RUM_S3" "RUM"
"P1_F02_RUM_S3_SA" 7 6121275 6117799 3137442 2980357 183069 76562 0.007676 0.00097 67028 49562 "RUM_S3" "RUM"
"P1_F04_ROW_S2_SA" 7 4252957 4251281 2154611 2096670 170632 71664 0.004146 0.000699 65915 51639 "ROW_S2" "ROW"
"P1_F05_ROW_S2_SA" 7 4586562 4585228 2442269 2142959 178966 84772 0.00398 0.000723 79302 54508 "ROW_S2" "ROW"
"P1_F06_BEL_ROS_SA" 7 3188843 3187410 1681253 1506157 149489 60178 0.003736 0.000733 55794 45581 "BEL_ROS" "BEL"
"P1_F07_BEL_KEY_SA" 7 4136292 4133720 2207766 1925954 175192 76779 0.004491 0.000771 69928 51270 "BEL_KEY" "BEL"
"P1_F08_BEL_KEY_SA" 7 2507029 2506119 1324362 1181757 137804 52449 0.003616 0.000765 49775 43636 "BEL_KEY" "BEL"
"P1_F10_RUM_S2_SA" 7 1453470 1453100 753101 699999 112877 42337 0.005152 0.000923 39836 36685 "RUM_S2" "RUM"
"P1_F11_RUM_S2_SA" 7 4011978 4010733 1972488 2038245 144854 58550 0.003544 0.000673 55527 46914 "RUM_S2" "RUM"
"P1_F12_BEL_ROS_SA" 7 4061407 4059872 2149585 1910287 160838 67093 0.00439 0.00073 62189 49835 "BEL_ROS" "BEL"
"P1_G01_RUM_S3_SA" 7 3672044 3671153 1924809 1746344 137969 56504 0.003626 0.000742 54008 46419 "RUM_S3" "RUM"
"P1_G02_RUM_S3_SA" 7 1946547 1945741 1008706 937035 126598 48432 0.004007 0.000816 46407 42144 "RUM_S3" "RUM"
"P1_G03_ROW_S2_SA" 7 1806121 1805382 929745 875637 130225 45749 0.003875 0.000721 43497 39774 "ROW_S2" "ROW"
"P1_G04_ROW_S2_SA" 7 4821646 4819093 2533557 2285536 183097 88255 0.004347 0.000725 80410 53376 "ROW_S2" "ROW"
"P1_G05_ROW_S2_SA" 7 1369063 1368221 681818 686403 129674 37743 0.002908 0.00077 34913 30126 "ROW_S2" "ROW"
"P1_G06_BEL_ROS_SA" 7 3189774 3188302 1689273 1499029 167041 67953 0.004258 0.000722 62307 49056 "BEL_ROS" "BEL"
"P1_G07_BEL_KEY_SA" 7 4374595 4372832 2338514 2034318 160917 67423 0.003846 0.000725 62705 50007 "BEL_KEY" "BEL"
"P1_G08_BEL_KEY_SA" 7 1897775 1897085 973981 923104 111448 45920 0.003072 0.000806 44373 39406 "BEL_KEY" "BEL"
"P1_G09_RUM_S2_SA" 7 4411593 4410261 2351325 2058936 154563 64231 0.003956 0.000799 60216 49355 "RUM_S2" "RUM"
"P1_G10_RUM_S2_SA" 7 1705345 1704866 891234 813632 106485 44456 0.005687 0.000915 42028 38891 "RUM_S2" "RUM"
"P1_G11_RUM_S2_SA" 7 4302760 4301087 2183629 2117458 162399 68246 0.00386 0.000677 62990 50092 "RUM_S2" "RUM"
"P1_G12_BEL_ROS_SA" 7 1809098 1808382 938928 869454 128800 47342 0.003461 0.000717 45068 39357 "BEL_ROS" "BEL"
"P1_H01_RUM_S3_SA" 7 2932654 2931660 1565215 1366445 146979 56377 0.003765 0.000716 52922 45526 "RUM_S3" "RUM"
"P1_H02_RUM_S3_SA" 7 3822143 3820655 2010910 1809745 158600 64912 0.005764 0.000998 60081 50039 "RUM_S3" "RUM"
"P1_H03_ROW_S2_SA" 7 2269784 2269123 1199337 1069786 112566 51046 0.003808 0.000705 49640 44345 "ROW_S2" "ROW"
"P1_H04_ROW_S2_SA" 7 2646913 2644969 1411032 1233937 154619 59070 0.003831 0.000738 54132 44986 "ROW_S2" "ROW"
"P1_H06_BEL_ROS_SA" 7 3913613 3911766 2096883 1814883 175154 80759 0.004347 0.000745 73984 50605 "BEL_ROS" "BEL"
"P1_H07_BEL_KEY_SA" 7 2852484 2850444 1501972 1348472 151642 57952 0.003853 0.000681 53946 45604 "BEL_KEY" "BEL"
"P1_H08_BEL_KEY_SA" 7 1769344 1768328 903038 865290 131731 45537 0.004116 0.00075 43169 39772 "BEL_KEY" "BEL"
"P1_H11_RUM_S2_SA" 7 3769399 3768320 1753306 2015014 152435 62047 0.003806 0.000698 58136 48382 "RUM_S2" "RUM"
"P1_H12_BEL_ROS_SA" 7 2097628 2096570 1052732 1043838 152381 53299 0.004166 0.000764 48212 39779 "BEL_ROS" "BEL"
"P3_A01_ROW_S1_SA" 7 1918176 1917151 975395 941756 113921 40518 0.001538 0.000681 39184 35146 "ROW_S1" "ROW"
"P3_A02_ROW_S1_SA" 7 788265 787616 412862 374754 96699 20696 0.003168 0.000784 19432 17941 "ROW_S1" "ROW"
"P3_A03_BEL_ROS_SA" 7 2188610 2186955 1130481 1056474 129884 47041 0.003051 0.000771 44831 38321 "BEL_ROS" "BEL"
"P3_A05_ROW_S1_SA" 7 1050123 1049440 565945 483495 120601 31659 0.002613 0.000716 29384 24753 "ROW_S1" "ROW"
"P3_A06_ROW_S1_SA" 7 4661352 4659736 2550356 2109380 168633 81148 0.003831 0.000759 76732 54185 "ROW_S1" "ROW"
"P3_A07_RUM_S1_SA" 7 4189363 4187811 2029401 2158410 142540 57547 0.00338 0.000706 54431 45915 "RUM_S1" "RUM"
"P3_A10_BEL_LBE_SA" 7 1305415 1305004 668787 636217 63083 31649 0.00177 0.000712 31262 28234 "BEL_LBE" "BEL"
"P3_A11_GRH_RUM_FAR_SA" 7 1893177 1891983 1018292 873691 138714 46660 0.003753 7e-04 43674 39315 "GRH_RUM" "GRH"
"P3_A12_GRH_RUM_TER_SA" 7 4901325 4899379 2570189 2329190 173055 72321 0.006174 0.000946 65738 51238 "GRH_RUM" "GRH"
"P3_B01_ROW_S1_SA" 7 2234035 2231462 1205329 1026133 168520 63801 0.004092 0.000757 56887 42316 "ROW_S1" "ROW"
"P3_B03_BEL_ROS_SA" 7 2136382 2135724 1135118 1000606 140501 56130 0.003852 0.000772 53057 43697 "BEL_ROS" "BEL"
"P3_B05_ROW_S1_SA" 7 907853 907488 470758 436730 96336 27592 0.002296 0.000682 26191 22545 "ROW_S1" "ROW"
"P3_B06_ROW_S1_SA" 7 2584497 2583871 1343520 1240351 56573 28724 0.001144 0.000689 28476 25008 "ROW_S1" "ROW"
"P3_B08_RUM_S1_SA" 7 1438915 1438508 747154 691354 103803 39953 0.00345 0.00072 38463 35832 "RUM_S1" "RUM"
"P3_B09_BEL_LBE_SA" 7 1504645 1503981 796214 707767 106641 40338 0.003503 0.000718 39017 36541 "BEL_LBE" "BEL"
"P3_B10_BEL_LBE_SA" 7 2361742 2361095 1238960 1122135 111506 51497 0.003778 0.000708 50203 45327 "BEL_LBE" "BEL"
"P3_B11_GRH_PIS_STA_SA" 7 707181 706775 361640 345135 84478 21114 0.002954 0.000727 20086 18644 "GRH_PIS" "GRH"
"P3_B12_GRH_RUM_TER_SA" 7 1246863 1246454 639012 607442 79181 27036 0.003634 0.000967 25980 23521 "GRH_RUM" "GRH"
"P3_C01_ROW_S1_SA" 7 2058407 2057425 1102375 955050 82452 29741 0.000891 0.000691 29124 24011 "ROW_S1" "ROW"
"P3_C03_BEL_ROS_SA" 7 2535557 2534332 1319165 1215167 131030 50080 0.003684 0.00076 48054 42715 "BEL_ROS" "BEL"
"P3_C05_ROW_S1_SA" 7 1683393 1682897 901630 781267 142844 49268 0.003505 0.000783 45803 38634 "ROW_S1" "ROW"
"P3_C07_RUM_S1_SA" 7 3664054 3662797 1895380 1767417 147627 63639 0.003431 0.000708 60451 48689 "RUM_S1" "RUM"
"P3_C09_BEL_LBE_SA" 7 2380079 2378938 1249322 1129616 151341 57948 0.00414 0.000764 54265 45217 "BEL_LBE" "BEL"
"P3_C10_BEL_LBE_SA" 7 4653336 4651221 2362020 2289201 159367 65725 0.003957 0.000728 61836 51007 "BEL_LBE" "BEL"
"P3_C12_GRH_PIS_PAT_SA" 7 1769683 1769107 925055 844052 114554 46900 0.005617 0.000907 44239 40681 "GRH_PIS" "GRH"
"P3_D03_BEL_ROS_SA" 7 3381791 3380356 1739556 1640800 147456 59094 0.003961 0.000704 55541 46274 "BEL_ROS" "BEL"
"P3_D05_ROW_S1_SA" 7 3220816 3219718 1684681 1535037 169723 70283 0.004167 0.000748 64436 49666 "ROW_S1" "ROW"
"P3_D06_RUM_S1_SA" 7 2181661 2180854 1112123 1068731 125019 50846 0.002012 0.000716 48974 41283 "RUM_S1" "RUM"
"P3_D07_RUM_S1_SA" 7 1791671 1790948 950771 840177 128929 47207 0.003399 0.000726 44749 40093 "RUM_S1" "RUM"
"P3_D08_RUM_S1_SA" 7 725895 725736 373468 352268 83846 24046 0.003808 0.000716 22776 21721 "RUM_S1" "RUM"
"P3_D09_BEL_LBE_SA" 7 2490608 2489978 1365524 1124454 137909 59932 0.003949 0.000736 57126 47989 "BEL_LBE" "BEL"
"P3_D10_BEL_LBE_SA" 7 3611224 3609748 1795226 1814522 150885 61743 0.004082 0.000739 58483 49910 "BEL_LBE" "BEL"
"P3_D11_GRH_RUM_HAM_SA" 7 584634 583971 314211 269760 73102 17582 0.001912 0.000709 16916 15261 "GRH_RUM" "GRH"
"P3_D12_GRH_PIS_STA_SA" 7 1912226 1911241 992050 919191 118564 44362 0.003354 0.000768 42547 38063 "GRH_PIS" "GRH"
"P3_E02_BEL_ROS_SA" 7 1605508 1604428 830901 773527 114369 41250 0.001938 0.000744 40043 36835 "BEL_ROS" "BEL"
"P3_E03_BEL_ROS_SA" 7 2481445 2480469 1331584 1148885 151593 58391 0.006049 0.000899 53758 46134 "BEL_ROS" "BEL"
"P3_E04_BEL_LBE_SA" 7 1351691 1351245 709198 642047 81543 35366 0.002079 0.000715 34694 29859 "BEL_LBE" "BEL"
"P3_E05_ROW_S1_SA" 7 2568960 2567955 1348591 1219364 141026 56094 0.002434 0.000684 53182 44974 "ROW_S1" "ROW"
"P3_E06_RUM_S1_SA" 7 3303989 3302823 1725508 1577315 129606 54067 0.003493 0.000731 52241 45949 "RUM_S1" "RUM"
"P3_E07_RUM_S1_SA" 7 1479832 1479383 763530 715853 120948 42376 0.005277 0.000908 39523 36153 "RUM_S1" "RUM"
"P3_E08_RUM_S1_SA" 7 1750956 1750234 882787 867447 143561 47936 0.003086 0.00075 44321 35154 "RUM_S1" "RUM"
"P3_E10_BEL_LBE_SA" 7 2660414 2658585 1366342 1292243 140695 49980 0.004667 0.000843 46499 40738 "BEL_LBE" "BEL"
"P3_E11_GRH_RUM_HAM_SA" 7 1720107 1718902 943241 775661 144920 46901 0.003801 0.000745 42515 36444 "GRH_RUM" "GRH"
"P3_E12_GRH_PIS_STA_SA" 7 2770474 2769770 1486520 1283250 119029 53536 0.003651 0.000747 51870 46212 "GRH_PIS" "GRH"
"P3_F01_ROW_S1_SA" 7 1601714 1600727 864972 735755 94373 34594 0.000969 0.000685 33743 27222 "ROW_S1" "ROW"
"P3_F02_BEL_ROS_SA" 7 1722225 1721682 920524 801158 125937 49883 0.003166 0.000774 47638 38679 "BEL_ROS" "BEL"
"P3_F04_BEL_LBE_SA" 7 1880081 1879388 925647 953741 48707 23879 0.000746 0.000692 23699 18231 "BEL_LBE" "BEL"
"P3_F05_ROW_S1_SA" 7 1278673 1278223 697676 580547 56262 28848 0.000942 0.000684 28622 22405 "ROW_S1" "ROW"
"P3_F06_RUM_S1_SA" 7 3430647 3429164 1735980 1693184 157287 63445 0.003665 0.000783 58582 47348 "RUM_S1" "RUM"
"P3_F07_RUM_S1_SA" 7 2403090 2402436 1249168 1153268 136193 56332 0.003847 0.000855 53581 46138 "RUM_S1" "RUM"
"P3_F08_RUM_S1_SA" 7 2427741 2426550 1277373 1149177 110508 47374 0.001659 0.000712 46109 33847 "RUM_S1" "RUM"
"P3_F10_BEL_LBE_SA" 7 2992992 2991128 1585394 1405734 156546 60003 0.00575 0.000829 54428 46358 "BEL_LBE" "BEL"
"P3_F11_GRH_RUM_HAM_SA" 7 2006402 2005504 1037950 967554 81873 31985 0.001318 0.000702 31357 26085 "GRH_RUM" "GRH"
"P3_F12_GRH_PIS_STA_SA" 7 976879 976135 525717 450418 114552 29036 0.003825 0.000784 26852 25008 "GRH_PIS" "GRH"
"P3_G01_ROW_S1_SA" 7 768044 767450 409438 358012 79049 23094 0.001088 0.000698 22324 18719 "ROW_S1" "ROW"
"P3_G02_BEL_ROS_SA" 7 1818665 1817326 952346 864980 107019 39474 0.001262 0.000728 38456 34457 "BEL_ROS" "BEL"
"P3_G04_BEL_LBE_SA" 7 1135057 1134614 596257 538357 58748 27653 0.001485 0.000704 27329 24831 "BEL_LBE" "BEL"
"P3_G05_ROW_S1_SA" 7 3760464 3759043 2026754 1732289 148666 63562 0.003702 0.000708 59519 47223 "ROW_S1" "ROW"
"P3_G06_RUM_S1_SA" 7 2834152 2832943 1398948 1433995 137028 53931 0.003608 0.000713 51650 45609 "RUM_S1" "RUM"
"P3_G07_RUM_S1_SA" 7 2737624 2736756 1424382 1312374 148286 59288 0.004412 0.000906 55596 47551 "RUM_S1" "RUM"
"P3_G08_RUM_S1_SA" 7 2532504 2531828 1314945 1216883 120342 52791 0.002833 0.000732 51172 42216 "RUM_S1" "RUM"
"P3_G09_BEL_LBE_SA" 7 1948258 1947636 803904 1143732 103510 40362 0.003644 0.00069 39021 36040 "BEL_LBE" "BEL"
"P3_G11_GRH_RUM_HAM_SA" 7 1730696 1729201 905637 823564 114378 40804 0.002289 0.000754 39081 32980 "GRH_RUM" "GRH"
"P3_G12_GRH_PIS_STA_SA" 7 2745489 2744407 1393344 1351063 117280 52770 0.002655 0.000766 51352 42337 "GRH_PIS" "GRH"
"P3_H01_ROW_S1_SA" 7 2630221 2629255 1402322 1226933 136811 58684 0.002751 0.00075 56288 43726 "ROW_S1" "ROW"
"P3_H02_BEL_ROS_SA" 7 1783511 1782413 899589 882824 85650 36484 0.001137 0.00064 35936 31585 "BEL_ROS" "BEL"
"P3_H04_BEL_LBE_SA" 7 1930108 1928985 815366 1113619 110359 41061 0.003516 0.000715 39683 36354 "BEL_LBE" "BEL"
"P3_H05_ROW_S1_SA" 7 2006163 2005441 1030519 974922 131768 47376 0.003558 0.000724 44908 40688 "ROW_S1" "ROW"
"P3_H06_RUM_S1_SA" 7 3426088 3424583 1575332 1849251 139283 53188 0.002814 0.000729 50573 44774 "RUM_S1" "RUM"
"P3_H07_RUM_S1_SA" 7 2590475 2589010 1268216 1320794 153741 56287 0.004152 0.000727 52271 44691 "RUM_S1" "RUM"
"P3_H09_BEL_LBE_SA" 7 1844048 1843499 987716 855783 110770 45287 0.003584 0.000715 43785 39029 "BEL_LBE" "BEL"
"P3_H11_GRH_RUM_TER_SA" 7 1349626 1348710 689495 659215 127457 37682 0.0032 0.000786 34939 29346 "GRH_RUM" "GRH"
"P3_H12_GRH_PIS_PAT_SA" 7 1735355 1734698 926928 807770 123210 46000 0.003779 0.000778 44019 40133 "GRH_PIS" "GRH"
"P6_A02_GRH_RUM_TER_SA" 7 2442113 2440845 1304807 1136038 148067 54689 0.002305 0.00072 50728 43157 "GRH_RUM" "GRH"
"P6_A03_GRH_BEL_ROS_SA" 7 2747613 2745218 1404269 1340949 149433 57309 0.004134 0.000718 53487 44599 "GRH_BEL" "GRH"
"P6_A04_GRH_BEL_ROS_SA" 7 1149942 1149274 595025 554249 107880 34668 0.004619 0.000843 32961 31093 "GRH_BEL" "GRH"
"P6_A05_GRH_PIS_PAT_SA" 7 2300089 2299136 1233199 1065937 133459 51424 0.003644 0.000765 49291 44148 "GRH_PIS" "GRH"
"P6_A06_GRH_PIS_STA_SA" 7 947969 947368 513869 433499 105204 28524 0.002022 0.000685 26913 22730 "GRH_PIS" "GRH"
"P6_A07_GRH_RUM_HAM_SA" 7 2127185 2126367 1137941 988426 119492 48944 0.002177 0.00077 47654 43734 "GRH_RUM" "GRH"
"P6_A08_GRH_BEL_ROS_SA" 7 2961628 2960644 1568287 1392357 161120 62648 0.004328 0.000734 58737 48367 "GRH_BEL" "GRH"
"P6_A09_GRH_PIS_STA_SA" 7 5007388 5005003 2668392 2336611 165851 68294 0.003129 7e-04 63368 50472 "GRH_PIS" "GRH"
"P6_A10_GRH_PIS_PAT_SA" 7 834256 833895 449600 384295 85088 29107 0.004088 0.000786 27778 26422 "GRH_PIS" "GRH"
"P6_A11_GRH_RUM_FAR_SA" 7 2112949 2111719 1127181 984538 152062 55021 0.002924 0.000741 50889 41737 "GRH_RUM" "GRH"
"P6_A12_GRH_PIS_STA_SA" 7 4602683 4600964 2506282 2094682 176760 76847 0.004 0.000689 70906 52672 "GRH_PIS" "GRH"
"P6_B01_GRH_RUM_FAR_SA" 7 2035961 2034501 1088142 946359 138134 49329 0.002939 0.000831 46652 38443 "GRH_RUM" "GRH"
"P6_B03_GRH_RUM_FAR_SA" 7 2391386 2388197 1247583 1140614 155336 56457 0.00229 0.000803 51658 42691 "GRH_RUM" "GRH"
"P6_B05_GRH_PIS_PAT_SA" 7 1674012 1672427 872579 799848 116189 35829 0.001781 0.000734 34054 29132 "GRH_PIS" "GRH"
"P6_B06_GRH_PIS_STA_SA" 7 1993838 1992313 1066653 925660 153606 53338 0.00397 0.000774 47296 36874 "GRH_PIS" "GRH"
"P6_B07_GRH_RUM_HAM_SA" 7 1653371 1652695 880997 771698 121436 45359 0.004418 0.000869 43074 39523 "GRH_RUM" "GRH"
"P6_B08_GRH_RUM_FAR_SA" 7 4401094 4399832 2395645 2004187 180592 82910 0.001856 0.000729 76798 52957 "GRH_RUM" "GRH"
"P6_B09_GRH_PIS_STA_SA" 7 1333304 1332493 704227 628266 109705 38912 0.001756 0.000694 37731 35499 "GRH_PIS" "GRH"
"P6_B11_GRH_PIS_PAT_SA" 7 2875956 2874471 1547346 1327125 175994 73186 0.003951 0.000748 66829 47431 "GRH_PIS" "GRH"
"P6_B12_GRH_PIS_STA_SA" 7 1270253 1269647 689982 579665 68564 24751 0.001184 0.000722 24391 21001 "GRH_PIS" "GRH"
"P6_C01_GRH_RUM_FAR_SA" 7 3237197 3235953 1707061 1528892 148183 61745 0.003551 0.000763 58915 49202 "GRH_RUM" "GRH"
"P6_C02_GRH_RUM_TER_SA" 7 2348687 2346525 1258043 1088482 163945 62248 0.003159 0.000711 55719 42841 "GRH_RUM" "GRH"
"P6_C03_GRH_BEL_ROS_SA" 7 2851222 2850183 1405901 1444282 128860 52329 0.0039 0.000748 50670 45433 "GRH_BEL" "GRH"
"P6_C04_GRH_BEL_ROS_SA" 7 1836121 1834900 940791 894109 134930 45505 0.003548 0.000779 42881 38914 "GRH_BEL" "GRH"
"P6_C05_GRH_RUM_HAM_SA" 7 1342979 1342051 705713 636338 108082 36234 0.002885 0.000758 34809 31611 "GRH_RUM" "GRH"
"P6_C06_GRH_PIS_STA_SA" 7 1521533 1520579 796891 723688 121096 42387 0.002414 0.000753 40215 31541 "GRH_PIS" "GRH"
"P6_C07_GRH_RUM_TER_SA" 7 1406311 1405621 757712 647909 119641 42851 0.00356 0.000707 41025 37940 "GRH_RUM" "GRH"
"P6_C08_GRH_RUM_TER_SA" 7 2639736 2638972 1444612 1194360 154243 64057 0.002268 0.000726 60377 47569 "GRH_RUM" "GRH"
"P6_C09_GRH_PIS_STA_SA" 7 2462100 2460231 1305091 1155140 144925 52450 0.00281 0.000712 49601 43947 "GRH_PIS" "GRH"
"P6_C11_GRH_PIS_PAT_SA" 7 4290675 4288383 2265886 2022497 185644 87285 0.004495 0.000723 79410 53160 "GRH_PIS" "GRH"
"P6_C12_GRH_PIS_STA_SA" 7 2059597 2057683 1078400 979283 123160 44234 0.00211 0.000729 42240 34684 "GRH_PIS" "GRH"
"P6_D01_GRH_PIS_STA_SA" 7 2344785 2343664 1208431 1135233 130091 50094 0.00349 0.000742 48351 43442 "GRH_PIS" "GRH"
"P6_D02_GRH_RUM_FAR_SA" 7 1902567 1901457 1015565 885892 145592 49713 0.002771 0.000747 46221 40800 "GRH_RUM" "GRH"
"P6_D04_GRH_BEL_ROS_SA" 7 1017584 1017037 531200 485837 92401 31993 0.003519 0.000762 30826 29016 "GRH_BEL" "GRH"
"P6_D05_GRH_RUM_HAM_SA" 7 2539632 2538255 1331530 1206725 140969 52023 0.002682 0.000816 49321 43456 "GRH_RUM" "GRH"
"P6_D06_GRH_PIS_STA_SA" 7 1932383 1931475 1024379 907096 160264 54812 0.00238 0.000716 49220 38040 "GRH_PIS" "GRH"
"P6_D08_GRH_PIS_PAT_SA" 7 1345111 1344436 727708 616728 130868 40437 0.001957 0.000706 37870 34177 "GRH_PIS" "GRH"
"P6_D09_GRH_PIS_STA_SA" 7 4806976 4805352 2593331 2212021 176444 81836 0.004193 0.000699 76759 54350 "GRH_PIS" "GRH"
"P6_D10_GRH_PIS_STA_SA" 7 1188381 1188067 639555 548512 99787 39070 0.002681 0.000704 37753 35323 "GRH_PIS" "GRH"
"P6_D11_GRH_PIS_PAT_SA" 7 4946358 4944727 2670601 2274126 181351 88333 0.002371 0.000676 82307 53497 "GRH_PIS" "GRH"
"P6_D12_GRH_PIS_STA_SA" 7 2223424 2219788 1143463 1076325 149994 60037 0.002069 0.000736 55182 39489 "GRH_PIS" "GRH"
"P6_E01_GRH_PIS_STA_SA" 7 2044574 2043933 1094099 949834 100894 47133 0.001559 0.000724 46135 37648 "GRH_PIS" "GRH"
"P6_E02_GRH_RUM_FAR_SA" 7 1682204 1681293 877206 804087 121604 44456 0.005311 0.000839 41924 38888 "GRH_RUM" "GRH"
"P6_E03_GRH_BEL_ROS_SA" 7 1522196 1521346 827736 693610 133137 41948 0.003624 0.000745 39378 35092 "GRH_BEL" "GRH"
"P6_E04_GRH_BEL_ROS_SA" 7 1354445 1353720 727200 626520 109189 38644 0.003161 0.000805 37163 33152 "GRH_BEL" "GRH"
"P6_E05_GRH_RUM_HAM_SA" 7 3561136 3559273 1913103 1646170 181616 80997 0.003638 0.000768 73317 50742 "GRH_RUM" "GRH"
"P6_E06_GRH_PIS_STA_SA" 7 874168 873787 452771 421016 88102 28854 0.00356 0.000807 27696 26336 "GRH_PIS" "GRH"
"P6_E07_GRH_RUM_TER_SA" 7 4344107 4342856 2392465 1950391 176582 89569 0.002886 0.000722 84185 51387 "GRH_RUM" "GRH"
"P6_E08_GRH_PIS_PAT_SA" 7 3046213 3044871 1633285 1411586 166194 67968 0.002182 0.000799 63394 48181 "GRH_PIS" "GRH"
"P6_E09_GRH_PIS_STA_SA" 7 3914694 3913163 2123539 1789624 173271 77114 0.003122 0.000788 71778 51889 "GRH_PIS" "GRH"
"P6_E11_GRH_PIS_STA_SA" 7 3153695 3152318 1690997 1461321 154427 60089 0.003347 0.000706 56771 48506 "GRH_PIS" "GRH"
"P6_E12_GRH_PIS_STA_SA" 7 1166172 1165287 620080 545207 85594 28470 0.001554 0.000717 27706 24232 "GRH_PIS" "GRH"
"P6_F01_GRH_RUM_TER_SA" 7 3195329 3193385 1743106 1450279 171266 69936 0.003972 0.000716 63674 48834 "GRH_RUM" "GRH"
"P6_F02_GRH_RUM_FAR_SA" 7 1386275 1385682 740454 645228 98111 39516 0.003574 0.000825 38284 36093 "GRH_RUM" "GRH"
"P6_F03_GRH_BEL_ROS_SA" 7 1623852 1622826 880541 742285 146053 45351 0.003676 0.00077 41307 35054 "GRH_BEL" "GRH"
"P6_F04_GRH_BEL_ROS_SA" 7 1593340 1592431 839201 753230 135176 44387 0.004714 0.000832 41591 38166 "GRH_BEL" "GRH"
"P6_F05_GRH_RUM_HAM_SA" 7 532153 531855 287511 244344 55759 16438 0.001955 0.000692 16034 14879 "GRH_RUM" "GRH"
"P6_F06_GRH_RUM_HAM_SA" 7 3092091 3090982 1637233 1453749 168401 70347 0.00443 0.000784 65558 49710 "GRH_RUM" "GRH"
"P6_F07_GRH_RUM_TER_SA" 7 1366530 1365840 736968 628872 49149 22828 0.000783 0.000691 22630 20212 "GRH_RUM" "GRH"
"P6_F08_GRH_PIS_PAT_SA" 7 4075662 4074167 2214856 1859311 169979 84846 0.001713 0.000741 80744 51867 "GRH_PIS" "GRH"
"P6_F09_GRH_PIS_STA_SA" 7 1513749 1512838 809135 703703 116602 40432 0.001685 0.000722 38872 33424 "GRH_PIS" "GRH"
"P6_F11_GRH_PIS_STA_SA" 7 1486253 1485158 799412 685746 128533 42269 0.001632 0.000741 39879 31793 "GRH_PIS" "GRH"
"P6_F12_GRH_PIS_STA_SA" 7 2465986 2463013 1287949 1175064 170749 66558 0.004449 0.000759 59178 43263 "GRH_PIS" "GRH"
"P6_G01_GRH_RUM_TER_SA" 7 1381923 1381578 736296 645282 54769 26162 0.000689 0.00068 25962 22878 "GRH_RUM" "GRH"
"P6_G02_GRH_RUM_FAR_SA" 7 1235546 1235192 652674 582518 91294 39800 0.002367 0.00077 38816 36360 "GRH_RUM" "GRH"
"P6_G03_GRH_RUM_FAR_SA" 7 3228641 3227416 1742568 1484848 154878 59170 0.003664 0.000738 55563 47444 "GRH_RUM" "GRH"
"P6_G04_GRH_PIS_PAT_SA" 7 949479 948767 501448 447319 107135 30860 0.002889 0.000888 29198 27425 "GRH_PIS" "GRH"
"P6_G05_GRH_RUM_HAM_SA" 7 1030523 1030227 558053 472174 75043 29277 0.00174 0.000748 28571 23879 "GRH_RUM" "GRH"
"P6_G06_GRH_RUM_HAM_SA" 7 3148517 3146986 1669227 1477759 163524 64386 0.004238 0.000842 59904 49446 "GRH_RUM" "GRH"
"P6_G07_GRH_BEL_ROS_SA" 7 4432818 4431453 2426117 2005336 172393 82673 0.003954 0.000702 77670 53472 "GRH_BEL" "GRH"
"P6_G08_GRH_PIS_PAT_SA" 7 2695097 2693683 1413855 1279828 153478 58431 0.003679 0.000719 55043 47487 "GRH_PIS" "GRH"
"P6_G09_GRH_RUM_FAR_SA" 7 1047058 1046440 558800 487640 113886 33301 0.003272 0.000754 31351 28965 "GRH_RUM" "GRH"
"P6_G10_GRH_PIS_STA_SA" 7 3648473 3646462 1920127 1726335 167197 67281 0.004254 0.000721 62589 50606 "GRH_PIS" "GRH"
"P6_G11_GRH_PIS_STA_SA" 7 833806 833286 441298 391988 61411 23277 0.001186 0.000695 22930 20990 "GRH_PIS" "GRH"
"P6_G12_GRH_PIS_STA_SA" 7 3695412 3693786 1862329 1831457 147299 57264 0.002764 0.000725 54406 46681 "GRH_PIS" "GRH"
"P6_H01_GRH_RUM_TER_SA" 7 615415 615054 324305 290749 85267 18237 0.002832 0.000696 17168 15832 "GRH_RUM" "GRH"
"P6_H02_GRH_BEL_ROS_SA" 7 2851123 2850188 1481536 1368652 124618 52904 0.003985 0.000736 51371 46282 "GRH_BEL" "GRH"
"P6_H03_GRH_BEL_ROS_SA" 7 2808027 2806770 1479499 1327271 156484 59314 0.004176 0.000725 55281 46451 "GRH_BEL" "GRH"
"P6_H04_GRH_PIS_PAT_SA" 7 920822 920263 484799 435464 102110 30493 0.003981 0.000746 28893 27417 "GRH_PIS" "GRH"
"P6_H05_GRH_RUM_TER_SA" 7 1690007 1688772 894898 793874 134548 45114 0.002087 0.000751 41967 32740 "GRH_RUM" "GRH"
"P6_H06_GRH_RUM_HAM_SA" 7 2516804 2515345 1295395 1219950 136669 51305 0.002064 0.000761 49050 44028 "GRH_RUM" "GRH"
"P6_H07_GRH_BEL_ROS_SA" 7 4185117 4183756 2283098 1900658 170878 80728 0.002483 0.000718 75453 51349 "GRH_BEL" "GRH"
"P6_H08_GRH_PIS_STA_SA" 7 3769753 3767185 1998654 1768531 165231 65771 0.002165 0.00071 60446 48651 "GRH_PIS" "GRH"
"P6_H09_GRH_PIS_PAT_SA" 7 3496523 3494229 1848885 1645344 157079 60911 0.00256 0.000711 56776 48141 "GRH_PIS" "GRH"
"P6_H11_GRH_PIS_STA_SA" 7 2633544 2632410 1388262 1244148 128323 51368 0.002864 0.000773 49819 44298 "GRH_PIS" "GRH"
"P6_H12_GRH_PIS_STA_SA" 7 1270635 1269535 667681 601854 128675 35900 0.003019 0.000759 33295 29811 "GRH_PIS" "GRH"
"P8_A01_GRH_PIS_PAT_SA" 7 1729853 1729146 917967 811179 118253 43857 0.002452 0.000718 42563 39334 "GRH_PIS" "GRH"
"P8_A02_NUR_PINE_SA" 7 2084060 2083020 1129802 953218 120397 46954 0.005529 0.000878 45038 39587 "NUR_PINE" "NUR"
"P8_A03_NUR_PINE_SA" 7 1464123 1463658 781979 681679 68591 33940 0.002567 0.00072 33443 29183 "NUR_PINE" "NUR"
"P8_A04_GRH_RUM_FAR_SA" 7 4615189 4613596 2421932 2191664 150684 62650 0.003596 0.000725 59387 50069 "GRH_RUM" "GRH"
"P8_A05_GRH_RUM_HAM_SA" 7 780504 779701 412199 367502 108658 22385 0.002625 0.000696 20452 18887 "GRH_RUM" "GRH"
"P8_A06_GRH_PIS_STA_SA" 7 1881732 1881148 979190 901958 124759 46834 0.005563 0.001012 43646 40071 "GRH_PIS" "GRH"
"P8_A09_NUR_DEMV_SA" 7 4197412 4195323 2371921 1823402 189780 86573 0.005786 0.000718 78670 51926 "NUR_DEMV" "NUR"
"P8_A10_NUR_NEWP_SA" 7 3425853 3423709 1892673 1531036 181732 74490 0.005792 0.000708 67686 49818 "NUR_NEWP" "NUR"
"P8_B04_GRH_PIS_STA_SA" 7 3434391 3431952 1754936 1677016 155277 58602 0.003072 0.00075 54591 46465 "GRH_PIS" "GRH"
"P8_B05_GRH_RUM_HAM_SA" 7 1058812 1058356 556773 501583 69847 28084 0.000864 0.000703 27635 22392 "GRH_RUM" "GRH"
"P8_B07_GRH_BEL_ROS_SA" 7 1538720 1537657 834417 703240 156696 47982 0.004161 0.000787 42288 33214 "GRH_BEL" "GRH"
"P8_B08_NUR_DEMV_SA" 7 1778688 1777994 949216 828778 135873 47266 0.005582 0.000774 44490 38547 "NUR_DEMV" "NUR"
"P8_B09_NUR_DEMV_SA" 7 1536323 1535396 856221 679175 134514 43348 0.003634 0.000757 40729 31303 "NUR_DEMV" "NUR"
"P8_C01_GRH_PIS_STA_SA" 7 1065885 1065193 557044 508149 74752 29327 0.001695 0.000689 28792 26122 "GRH_PIS" "GRH"
"P8_C02_NUR_PINE_SA" 7 3135479 3133965 1706761 1427204 148680 57480 0.005283 0.000793 53700 44724 "NUR_PINE" "NUR"
"P8_C03_NUR_PINE_SA" 7 3586617 3584539 1972058 1612481 166437 66491 0.005424 0.000728 62012 49811 "NUR_PINE" "NUR"
"P8_C04_GRH_PIS_STA_SA" 7 2686672 2684307 1405527 1278780 151021 54980 0.003846 0.000724 51251 44415 "GRH_PIS" "GRH"
"P8_C05_GRH_PIS_STA_SA" 7 2069819 2069123 1058309 1010814 138323 51992 0.003152 0.000693 49269 41345 "GRH_PIS" "GRH"
"P8_C06_GRH_PIS_STA_SA" 7 634147 633908 333847 300061 76038 21169 0.004769 0.000809 20018 19184 "GRH_PIS" "GRH"
"P8_C07_GRH_PIS_PAT_SA" 7 702220 701771 369701 332070 102398 19848 0.002069 0.000736 18072 15346 "GRH_PIS" "GRH"
"P8_C09_NUR_NEWP_SA" 7 3015664 3014310 1680265 1334045 178094 74092 0.005503 0.000741 67841 49284 "NUR_NEWP" "NUR"
"P8_C10_NUR_NEWP_SA" 7 1674455 1673546 904047 769499 118977 44480 0.003362 0.000738 42546 34147 "NUR_NEWP" "NUR"
"P8_D01_GRH_PIS_STA_SA" 7 2055759 2054932 1105545 949387 130355 49603 0.002881 0.000676 47466 41711 "GRH_PIS" "GRH"
"P8_D02_NUR_PINE_SA" 7 2486968 2485999 1353535 1132464 144095 57672 0.005193 0.000794 54471 45305 "NUR_PINE" "NUR"
"P8_D03_GRH_PIS_PAT_SA" 7 3942168 3940557 2054613 1885944 141692 57557 0.002964 0.000705 55233 48074 "GRH_PIS" "GRH"
"P8_D04_GRH_PIS_STA_SA" 7 2258819 2257278 1174906 1082372 143377 50601 0.002091 0.000724 47500 42510 "GRH_PIS" "GRH"
"P8_D05_GRH_RUM_HAM_SA" 7 3471871 3470676 1846561 1624115 172778 71518 0.003655 0.000718 65945 50372 "GRH_RUM" "GRH"
"P8_D06_GRH_PIS_STA_SA" 7 1047826 1047428 552550 494878 96747 33010 0.004588 0.000849 31425 29867 "GRH_PIS" "GRH"
"P8_D07_GRH_BEL_ROS_SA" 7 2367046 2366204 1316264 1049940 144970 58858 0.003759 0.000735 55212 43059 "GRH_BEL" "GRH"
"P8_E01_NUR_PINE_SA" 7 2408382 2407262 1306775 1100487 140457 54202 0.005462 0.000676 51867 44803 "NUR_PINE" "NUR"
"P8_E02_NUR_PINE_SA" 7 2315573 2314844 1276329 1038515 121688 52982 0.003042 8e-04 51407 44383 "NUR_PINE" "NUR"
"P8_E03_GRH_RUM_TER_SA" 7 3862628 3861134 2083780 1777354 162663 69476 0.001621 0.000693 65198 50412 "GRH_RUM" "GRH"
"P8_E04_GRH_RUM_TER_SA" 7 1477763 1476933 756699 720234 121272 40621 0.001895 0.000734 38622 34125 "GRH_RUM" "GRH"
"P8_E07_NUR_DEMV_SA" 7 661929 661573 358377 303196 45581 17051 0.001042 0.000693 16891 14285 "NUR_DEMV" "NUR"
"P8_E08_NUR_DEMV_SA" 7 1792946 1792224 970503 821721 117242 48451 0.003927 0.00076 46774 36856 "NUR_DEMV" "NUR"
"P8_E10_NUR_NEWP_SA" 7 1782503 1781836 965835 816001 101353 45358 0.002501 0.000746 44387 33709 "NUR_NEWP" "NUR"
"P8_F01_NUR_PINE_SA" 7 1868336 1867705 1016708 850997 128931 49665 0.005471 0.000739 47376 42001 "NUR_PINE" "NUR"
"P8_F02_NUR_PINE_SA" 7 713502 713293 395473 317820 78243 26629 0.003373 0.000717 25535 23204 "NUR_PINE" "NUR"
"P8_F03_GRH_RUM_HAM_SA" 7 3628101 3626998 1960591 1666407 164875 73878 0.003628 0.000698 69576 51303 "GRH_RUM" "GRH"
"P8_F04_GRH_RUM_TER_SA" 7 4173800 4171991 2191413 1980578 170680 76865 0.002112 0.000726 71886 52204 "GRH_RUM" "GRH"
"P8_F05_GRH_RUM_FAR_SA" 7 2481679 2480342 1311302 1169040 169562 66142 0.004014 0.000724 59685 44743 "GRH_RUM" "GRH"
"P8_F06_GRH_PIS_STA_SA" 7 1317726 1317163 677016 640147 111176 38167 0.003659 0.000729 36592 34078 "GRH_PIS" "GRH"
"P8_F07_NUR_DEMV_SA" 7 3803206 3802127 2098628 1703499 142379 62241 0.002785 0.000694 60006 47581 "NUR_DEMV" "NUR"
"P8_F08_NUR_DEMV_SA" 7 756690 756154 411055 345099 52732 20021 0.001057 0.000642 19779 16383 "NUR_DEMV" "NUR"
"P8_F09_NUR_NEWP_SA" 7 1507470 1506082 843300 662782 141682 43887 0.003921 0.000773 39010 29578 "NUR_NEWP" "NUR"
"P8_F10_NUR_NEWP_SA" 7 1291354 1290414 732658 557756 74089 25322 0.001656 0.000722 24654 20846 "NUR_NEWP" "NUR"
"P8_G01_NUR_PINE_SA" 7 595348 595100 320289 274811 67620 19933 0.002569 0.000702 19085 17013 "NUR_PINE" "NUR"
"P8_G02_NUR_PINE_SA" 7 1420148 1419813 780931 638882 100616 43396 0.004168 0.000731 41942 36987 "NUR_PINE" "NUR"
"P8_G03_GRH_RUM_FAR_SA" 7 1320754 1319940 680262 639678 133714 37873 0.002985 0.000725 34748 29510 "GRH_RUM" "GRH"
"P8_G05_GRH_RUM_FAR_SA" 7 2644503 2643711 1454045 1189666 155609 66237 0.003664 0.000748 62452 48222 "GRH_RUM" "GRH"
"P8_G06_GRH_PIS_STA_SA" 7 2126833 2126082 1135004 991078 119877 50152 0.003271 0.000712 48716 44041 "GRH_PIS" "GRH"
"P8_G07_NUR_DEMV_SA" 7 3626938 3625974 1981457 1644517 154065 68143 0.005309 0.000722 65141 49692 "NUR_DEMV" "NUR"
"P8_G08_NUR_DEMV_SA" 7 3195971 3194520 1771443 1423077 181872 75258 0.005387 0.000732 68966 48371 "NUR_DEMV" "NUR"
"P8_G09_NUR_NEWP_SA" 7 2103577 2102838 1154444 948394 94820 41814 0.001837 0.000711 41094 31129 "NUR_NEWP" "NUR"
"P8_H02_NUR_PINE_SA" 7 824741 824513 419326 405187 79267 26952 0.006503 0.00092 25144 23130 "NUR_PINE" "NUR"
"P8_H03_GRH_RUM_FAR_SA" 7 1747612 1746847 924685 822162 112122 46083 0.002292 0.000718 44662 35481 "GRH_RUM" "GRH"
"P8_H04_GRH_RUM_TER_SA" 7 4172176 4170048 2226523 1943525 164413 69310 0.002723 0.000709 64571 50880 "GRH_RUM" "GRH"
"P8_H05_GRH_RUM_FAR_SA" 7 4139771 4138092 2189126 1948966 180740 80626 0.004244 0.000776 73815 52838 "GRH_RUM" "GRH"
"P8_H06_GRH_PIS_STA_SA" 7 2499511 2498446 1322728 1175718 125306 51134 0.003869 0.000703 49569 44842 "GRH_PIS" "GRH"
"P8_H07_NUR_DEMV_SA" 7 1734592 1731692 944667 787025 168572 56032 0.005726 0.000754 48539 32493 "NUR_DEMV" "NUR"
"P8_H08_NUR_DEMV_SA" 7 3452842 3451643 1900226 1551417 168312 67463 0.005518 0.000739 62812 48586 "NUR_DEMV" "NUR"
"P8_H09_NUR_NEWP_SA" 7 1208506 1207711 665841 541870 78059 31329 0.001741 0.000746 30742 24622 "NUR_NEWP" "NUR"
